type,phone,F1_0.33,F2_0.33,F3_0.33,B1_0.33,B2_0.33,B3_0.33,A1A2diff_0.33,A2A3diff_0.33
means,AA1,642.61597217649,1115.51636648008,1830.72506530567,2.09906801942707,2.29059668532543,2.73312051915267,5.61714561793436,14.632198715838
means,AE1,672.212561184723,1264.93386009353,1901.2027098597,2.14537385814497,2.56509681995323,2.4632002786438,7.49062360872954,5.35893952650039
means,AH1,599.367902670217,1171.24756724403,1862.79838883053,2.03746499401461,2.44924072997337,2.63856852905968,9.10668690298781,10.5017250067183
means,AO1,525.851449547017,953.436437892005,1895.64185446856,1.98266621248168,2.22963750030039,2.79103495301949,8.63173741619206,19.7698347006945
means,AW1,667.065979117951,1220.35369895046,1840.03904344989,2.13834141606395,2.50675179183207,2.49200632987112,6.28027605633803,7.21735177551797
means,AY1,664.815530968383,1186.05625515503,1859.19963532916,2.15844616045517,2.4037419161448,2.62432032610356,5.87830786237972,10.4192073220559
means,EH1,590.814875682437,1287.01000219732,1995.38988590842,1.97525254466474,2.65503244257391,2.38001583253047,11.9757319101465,2.96142639318493
means,ER1,555.241653853194,1203.11207486729,1885.92688815669,1.94629909390445,2.52912433644518,2.39918367197511,11.3883776954055,6.25606704191836
means,EY1,527.041393736366,1345.78540147502,2096.29513581593,1.90928624181988,2.73520686870261,2.36619765762958,14.9359396930508,0.487581102628025
means,IH1,463.988559378037,1363.13456209913,2153.72929698737,1.89107191448008,2.77357842176871,2.35427355685131,19.0682466783285,-1.75438889407191
means,IY1,396.627723112128,1393.27439382151,2283.84465194508,1.89453788787185,2.82333946910755,2.35949444393593,21.7465880961098,-3.54640832494279
means,OH1,588.704836956522,1069.60799689441,2561.27228649068,2.14179996118012,2.30237993012422,2.58914965062112,9.11356013198758,19.9698101319876
means,OW1,554.464365604819,1139.34124789711,1882.03662153362,1.94815164161285,2.42087228523362,2.59558523362457,10.404661564552,10.5915831090248
means,OY1,527.554397905759,993.434338070307,1831.41629020194,2.0219578908003,2.22816372475692,2.71965998504114,8.37959738219895,16.2828749439043
means,UH1,462.127810901651,1126.8977261435,1907.60720298115,1.83751513955867,2.37995012421453,2.6101652053193,14.9123255735788,10.8913536899021
means,UW1,402.216672693227,1283.75445825531,2075.52959998709,1.86138348292116,2.57853381545813,2.48973792535675,19.7216825853942,4.29401087040744
matrix,AY1,15542.6762192885,8733.87309782423,-656.94862895768,-8.03655960250544,0.628663635347246,6.2688533803099,-237.896124541893,-82.2490963116396
matrix,AY1,8733.87309782423,41303.7892315167,27322.2309630735,-24.3895471583406,-6.20873432098458,18.8277770617043,197.560878340566,-475.456220652217
matrix,AY1,-656.94862895768,27322.2309630735,116383.965434811,-11.6592799645696,-43.2684193312535,14.9746991820569,517.129693572586,915.958260791329
matrix,AY1,-8.03655960250544,-24.3895471583406,-11.6592799645696,0.167196213184303,0.00391073177182504,-0.0240265585023851,-1.13866064749096,0.172939155355369
matrix,AY1,0.628663635347246,-6.20873432098458,-43.2684193312535,0.00391073177182504,0.200394842669543,-0.0673812493797409,1.13952434109191,-2.43017595603962
matrix,AY1,6.2688533803099,18.8277770617043,14.9746991820569,-0.0240265585023851,-0.0673812493797409,0.188733028869897,-0.208367086057858,1.98008561393308
matrix,AY1,-237.896124541893,197.560878340566,517.129693572586,-1.13866064749096,1.13952434109191,-0.208367086057858,65.0400380563995,-26.2707945728014
matrix,AY1,-82.2490963116396,-475.456220652217,915.958260791329,0.172939155355369,-2.43017595603962,1.98008561393308,-26.2707945728014,95.2066091534152
matrix,AE1,16974.581742804,10910.6938403677,-525.391652631266,-11.4653178834723,3.79293929258141,6.25286305129436,-242.440657068262,-145.827033796223
matrix,AE1,10910.6938403677,67013.6901833106,44489.0694313817,-39.0631967837701,-20.8723006349312,44.5441036949044,190.691221126622,-304.298195676985
matrix,AE1,-525.391652631266,44489.0694313817,93679.4486342337,-10.1405540400135,-45.0639887582913,28.0767024197909,422.270153039201,554.050943997507
matrix,AE1,-11.4653178834723,-39.0631967837701,-10.1405540400135,0.192018640271012,-0.0227162603573014,-0.0180293080762714,-1.31966319082302,0.666951625424282
matrix,AE1,3.79293929258141,-20.8723006349312,-45.0639887582913,-0.0227162603573014,0.195235102117364,-0.0553268618257278,1.28803274732541,-2.16016334662034
matrix,AE1,6.25286305129436,44.5441036949044,28.0767024197909,-0.0180293080762714,-0.0553268618257278,0.182331059535572,-0.180684732101319,1.51537617882821
matrix,AE1,-242.440657068262,190.691221126622,422.270153039201,-1.31966319082302,1.28803274732541,-0.180684732101319,71.0167877446641,-29.399924628507
matrix,AE1,-145.827033796223,-304.298195676985,554.050943997507,0.666951625424282,-2.16016334662034,1.51537617882821,-29.399924628507,79.5007695277599
matrix,OW1,10030.6525469655,8216.60680382671,-2778.94924480337,-1.21689072763735,6.69246594469999,0.226422107393215,-214.964058921014,-255.02114372698
matrix,OW1,8216.60680382671,55345.2216466966,30608.9506864265,-27.3864901605839,-7.01049216203288,11.5588795793587,188.365426711601,-923.255143541643
matrix,OW1,-2778.94924480337,30608.9506864265,120760.083924197,-13.0902817098772,-59.5810818950904,-0.0883410655458552,410.363559772865,655.054051627762
matrix,OW1,-1.21689072763735,-27.3864901605839,-13.0902817098772,0.157720294696651,0.00708575299315506,-0.0140836798221755,-1.28650865434292,0.433837569012208
matrix,OW1,6.69246594469999,-7.01049216203288,-59.5810818950904,0.00708575299315506,0.229570256397909,-0.0768339208469426,1.17992825056527,-2.88029817410421
matrix,OW1,0.226422107393215,11.5588795793587,-0.0883410655458552,-0.0140836798221755,-0.0768339208469426,0.210739342435192,-0.354473418852918,2.3433094991669
matrix,OW1,-214.964058921014,188.365426711601,410.363559772865,-1.28650865434292,1.17992825056527,-0.354473418852918,77.8315708641534,-32.4361204303966
matrix,OW1,-255.02114372698,-923.255143541643,655.054051627762,0.433837569012208,-2.88029817410421,2.3433094991669,-32.4361204303966,112.775225233529
matrix,AH1,11573.0188906588,5456.42815779214,-1866.50420652836,-2.78257480416945,0.498011990219589,3.67919489126404,-259.415014748372,-65.4501213817593
matrix,AH1,5456.42815779214,40315.0359408518,32480.9789026571,-25.0296236111086,-15.2241927411587,23.2944447550358,184.421789164292,-336.598638024304
matrix,AH1,-1866.50420652836,32480.9789026571,121692.032425986,-13.7478597998545,-57.0654298336963,15.9399926782833,466.931977125043,866.857874774802
matrix,AH1,-2.78257480416945,-25.0296236111086,-13.7478597998545,0.170490324339635,0.00537453216705704,-0.0179096565793196,-1.29315000400827,0.249098082642483
matrix,AH1,0.498011990219589,-15.2241927411587,-57.0654298336963,0.00537453216705704,0.204520412264121,-0.0652650179300217,1.08121195955402,-2.2017189548769
matrix,AH1,3.67919489126404,23.2944447550358,15.9399926782833,-0.0179096565793196,-0.0652650179300217,0.193489533099265,-0.155993943361467,1.8631848616047
matrix,AH1,-259.415014748372,184.421789164292,466.931977125043,-1.29315000400827,1.08121195955402,-0.155993943361467,69.493871783917,-25.2991125152249
matrix,AH1,-65.4501213817593,-336.598638024304,866.857874774802,0.249098082642483,-2.2017189548769,1.8631848616047,-25.2991125152249,86.6174280643077
matrix,EH1,9939.84608156521,6466.83084581769,-1300.98687079019,-5.93644922443518,7.5130106954399,1.82849613075873,-137.918930789236,-221.663427308363
matrix,EH1,6466.83084581769,107442.420300012,51792.0529734849,-49.8247947616685,-37.2277137162574,51.7090651737085,284.422142038231,-798.688396672821
matrix,EH1,-1300.98687079019,51792.0529734849,76854.6481316306,-5.55687350713842,-52.1273073516618,25.3483135108494,222.90068594749,233.566987849433
matrix,EH1,-5.93644922443518,-49.8247947616685,-5.55687350713842,0.188613352334681,-0.0274625974830842,-0.00931935639445231,-1.46929653404751,1.0666827113732
matrix,EH1,7.5130106954399,-37.2277137162574,-52.1273073516618,-0.0274625974830842,0.220358898276761,-0.0650992120058308,1.44236344504583,-2.43671937321336
matrix,EH1,1.82849613075873,51.7090651737085,25.3483135108494,-0.00931935639445231,-0.0650992120058308,0.183993581205836,-0.383065501575847,1.51842262633223
matrix,EH1,-137.918930789236,284.422142038231,222.90068594749,-1.46929653404751,1.44236344504583,-0.383065501575847,84.184738482733,-44.2491134716503
matrix,EH1,-221.663427308363,-798.688396672821,233.566987849433,1.0666827113732,-2.43671937321336,1.51842262633223,-44.2491134716503,100.573964707665
matrix,EY1,10197.3461646791,1838.98185211527,-5771.35965367438,-0.429413460191614,4.16042304335203,1.38216009740346,-290.309672891067,-111.622257342529
matrix,EY1,1838.98185211527,147603.459191007,52763.1196755538,-45.2716530290934,-50.5621082908482,43.4969070267799,272.530204212737,-1155.41777042588
matrix,EY1,-5771.35965367438,52763.1196755538,69003.5428516111,-3.70414571761095,-43.5365654918177,20.2368932794622,363.043858337832,-9.962300676258
matrix,EY1,-0.429413460191614,-45.2716530290934,-3.70414571761095,0.159967466037108,-0.0207090443542982,-5.2318263198583e-05,-1.46777983692239,0.93812041549298
matrix,EY1,4.16042304335203,-50.5621082908482,-43.5365654918177,-0.0207090443542982,0.196818505530247,-0.0531621009915195,1.36350204140445,-1.99533249157041
matrix,EY1,1.38216009740346,43.4969070267799,20.2368932794622,-5.2318263198583e-05,-0.0531621009915195,0.153667559344242,-0.421547033576484,1.27315099886035
matrix,EY1,-290.309672891067,272.530204212737,363.043858337832,-1.46777983692239,1.36350204140445,-0.421547033576484,95.9017314618485,-46.6450937933899
matrix,EY1,-111.622257342529,-1155.41777042588,-9.962300676258,0.93812041549298,-1.99533249157041,1.27315099886035,-46.6450937933899,98.7884919251798
matrix,AO1,9175.78181922915,7737.81976193325,-1757.05658062486,-0.675117746201502,0.794979324112801,1.63635007297496,-194.949841776409,-155.523392783864
matrix,AO1,7737.81976193325,26190.5098445085,8626.80021401009,-9.16006068267144,2.05637431944318,3.07927474546011,180.814971974195,-692.948401992173
matrix,AO1,-1757.05658062486,8626.80021401009,127498.566066457,-9.9894273064649,-25.7206082679731,-24.7339626515266,399.289647823695,558.466302313086
matrix,AO1,-0.675117746201502,-9.16006068267144,-9.9894273064649,0.136982089517321,0.0190808596194709,-0.0112244349088257,-1.12985872850939,0.0583390528698254
matrix,AO1,0.794979324112801,2.05637431944318,-25.7206082679731,0.0190808596194709,0.169505767556733,-0.027024927104782,1.11207534834452,-1.76763620099059
matrix,AO1,1.63635007297496,3.07927474546011,-24.7339626515266,-0.0112244349088257,-0.027024927104782,0.140136873021024,-0.0883659522575664,1.13420671169225
matrix,AO1,-194.949841776409,180.814971974195,399.289647823695,-1.12985872850939,1.11207534834452,-0.0883659522575664,65.5728201936399,-28.8344115266394
matrix,AO1,-155.523392783864,-692.948401992173,558.466302313086,0.0583390528698254,-1.76763620099059,1.13420671169225,-28.8344115266394,83.3274704275587
matrix,IY1,6331.51474718528,2883.70671350569,811.946446284092,4.55037472626017,3.36630427570828,0.229302208200911,-189.958238013855,-181.008419735242
matrix,IY1,2883.70671350569,199094.239752178,48100.867655685,-29.9742583365031,-55.6408858248579,19.3253565315183,27.7313573694516,-1544.28544000921
matrix,IY1,811.946446284092,48100.867655685,47506.2339612075,-2.06584268237775,-19.1995276395266,7.61574564609012,179.536654421656,-440.213437667604
matrix,IY1,4.55037472626017,-29.9742583365031,-2.06584268237775,0.149013285225727,-0.00740006527423972,0.00334130010661972,-1.73163623953136,0.452992403410916
matrix,IY1,3.36630427570828,-55.6408858248579,-19.1995276395266,-0.00740006527423972,0.156957514465404,-0.0345427405935353,1.52458825127971,-1.9508258135699
matrix,IY1,0.229302208200911,19.3253565315183,7.61574564609012,0.00334130010661972,-0.0345427405935353,0.139898132341953,-0.414998294613384,1.64813111224327
matrix,IY1,-189.958238013855,27.7313573694516,179.536654421656,-1.73163623953136,1.52458825127971,-0.414998294613384,102.120922450513,-52.4397876951514
matrix,IY1,-181.008419735242,-1544.28544000921,-440.213437667604,0.452992403410916,-1.9508258135699,1.64813111224327,-52.4397876951514,124.100019267097
matrix,UW1,4805.17735465366,987.480421782449,-730.161640742754,2.75395834687469,2.49006845749592,1.3866990651402,-191.475935276232,-54.0457161093758
matrix,UW1,987.480421782449,100078.376636305,52070.9293645413,-24.0489503042701,-25.2091401188318,3.66599421460264,349.046501274361,-1324.8969919724
matrix,UW1,-730.161640742754,52070.9293645413,80063.4220764196,-10.7342944654908,-35.4806733416855,-4.96470493107238,431.359514731386,-373.695204043693
matrix,UW1,2.75395834687469,-24.0489503042701,-10.7342944654908,0.15000856196009,0.00423071637587539,0.0030393736274372,-1.57475416073384,0.436703155961363
matrix,UW1,2.49006845749592,-25.2091401188318,-35.4806733416855,0.00423071637587539,0.195548110657078,-0.0296253461483556,1.31167615886095,-1.97160958576068
matrix,UW1,1.3866990651402,3.66599421460264,-4.96470493107238,0.0030393736274372,-0.0296253461483556,0.165577679772676,-0.185914471599556,1.608524295129
matrix,UW1,-191.475935276232,349.046501274361,431.359514731386,-1.57475416073384,1.31167615886095,-0.185914471599556,88.0735306377583,-37.7913670776272
matrix,UW1,-54.0457161093758,-1324.8969919724,-373.695204043693,0.436703155961363,-1.97160958576068,1.608524295129,-37.7913670776272,96.5317063420285
matrix,AA1,12083.5367972575,7151.15066953148,1202.2342534461,-7.91007293075291,1.32409841877559,3.98622800362227,-140.562913396887,-76.3147304393848
matrix,AA1,7151.15066953148,24973.1710831723,18053.0441531693,-18.6065235119465,-4.83911487391074,12.7656140266209,110.466732193089,-286.857864998465
matrix,AA1,1202.2342534461,18053.0441531693,125511.124183084,-14.2177516942729,-45.3537352077521,8.80111413061944,377.190475353591,1183.86749134402
matrix,AA1,-7.91007293075291,-18.6065235119465,-14.2177516942729,0.160713394499263,0.0185657525419627,-0.0234202058753376,-1.0585737626752,-0.0704872764971789
matrix,AA1,1.32409841877559,-4.83911487391074,-45.3537352077521,0.0185657525419627,0.185516979720648,-0.0535791444055453,0.989867173253866,-2.22779394068066
matrix,AA1,3.98622800362227,12.7656140266209,8.80111413061944,-0.0234202058753376,-0.0535791444055453,0.163243428246187,-0.0629068375079739,1.72222048681558
matrix,AA1,-140.562913396887,110.466732193089,377.190475353591,-1.0585737626752,0.989867173253866,-0.0629068375079739,57.8706484964803,-20.8775338290653
matrix,AA1,-76.3147304393848,-286.857864998465,1183.86749134402,-0.0704872764971789,-2.22779394068066,1.72222048681558,-20.8775338290653,87.1728805762939
matrix,IH1,6344.81747014366,2738.9907071827,-318.020018066577,1.08536363043599,3.50732299373402,0.575401098156112,-189.447398982103,-125.498929728796
matrix,IH1,2738.9907071827,136853.112395125,48125.9309072384,-30.3719115067497,-55.7605619240638,39.7586807835281,-68.1461172685832,-767.823581963085
matrix,IH1,-318.020018066577,48125.9309072384,55604.2236343422,-2.72231909615062,-38.7598348597346,17.6420350802649,63.4841359805896,15.7191897144104
matrix,IH1,1.08536363043599,-30.3719115067497,-2.72231909615062,0.166279351895594,-0.00442838351786321,0.0076396335755729,-1.41441852432564,0.518234101629343
matrix,IH1,3.50732299373402,-55.7605619240638,-38.7598348597346,-0.00442838351786321,0.185160752397206,-0.0432407291705803,1.45709624103,-1.99369318192521
matrix,IH1,0.575401098156112,39.7586807835281,17.6420350802649,0.0076396335755729,-0.0432407291705803,0.15620078893106,-0.375668790218938,1.38677616738089
matrix,IH1,-189.447398982103,-68.1461172685832,63.4841359805896,-1.41441852432564,1.45709624103,-0.375668790218938,89.6903760041073,-44.4137963812597
matrix,IH1,-125.498929728796,-767.823581963085,15.7191897144104,0.518234101629343,-1.99369318192521,1.38677616738089,-44.4137963812597,100.233531741839
matrix,ER1,7714.49045404255,4503.9603263439,-729.345929525766,-4.47689790312374,7.05842072478173,2.0610237612858,-116.078994680271,-163.923465155922
matrix,ER1,4503.9603263439,75653.1218071636,58251.2704488463,-44.9243008451679,-45.3790005759,49.2923990607008,301.008942519967,-331.068635599528
matrix,ER1,-729.345929525766,58251.2704488463,130884.837320091,-16.958712363186,-91.0294064284266,26.3349332760501,287.76310594761,870.141456469696
matrix,ER1,-4.47689790312374,-44.9243008451679,-16.958712363186,0.180683078299408,-0.01017885608321,-0.0210639235992355,-1.39228021108291,0.758729760530317
matrix,ER1,7.05842072478173,-45.3790005759,-91.0294064284266,-0.01017885608321,0.252496823913862,-0.079763060718387,1.15967743263165,-2.60277464547794
matrix,ER1,2.0610237612858,49.2923990607008,26.3349332760501,-0.0210639235992355,-0.079763060718387,0.223309087748016,-0.287208059027839,1.82819573038904
matrix,ER1,-116.078994680271,301.008942519967,287.76310594761,-1.39228021108291,1.15967743263165,-0.287208059027839,74.7233248636114,-33.7798023343864
matrix,ER1,-163.923465155922,-331.068635599528,870.141456469696,0.758729760530317,-2.60277464547794,1.82819573038904,-33.7798023343864,91.6769020633192
matrix,UH1,5562.61376334512,1119.80967625513,-3259.60711102007,1.50490761952508,0.20226123485249,5.027144641154,-227.355582784699,-4.25404900185988
matrix,UH1,1119.80967625513,56100.4364250831,37253.1873509761,-24.0962760900948,-8.97329228033722,5.49191103560286,479.939975194523,-978.251574539255
matrix,UH1,-3259.60711102007,37253.1873509761,131850.20883573,-14.8953699554558,-63.200435828796,-12.9451821764061,537.879080093025,392.301203999653
matrix,UH1,1.50490761952508,-24.0962760900948,-14.8953699554558,0.148082559700605,0.00783165681483943,-0.0111365228420449,-1.45532135238957,0.354302372225625
matrix,UH1,0.20226123485249,-8.97329228033722,-63.200435828796,0.00783165681483943,0.238335376645337,-0.0681547955050314,1.34410497215993,-2.62929331349395
matrix,UH1,5.027144641154,5.49191103560286,-12.9451821764061,-0.0111365228420449,-0.0681547955050314,0.20766638798091,-0.512741819253278,2.0637050320964
matrix,UH1,-227.355582784699,479.939975194523,537.879080093025,-1.45532135238957,1.34410497215993,-0.512741819253278,82.1838527536078,-39.8034998839456
matrix,UH1,-4.25404900185988,-978.251574539255,392.301203999653,0.354302372225625,-2.62929331349395,2.0637050320964,-39.8034998839456,105.696075467608
matrix,AW1,16339.0892634488,12883.950308598,3345.29670942314,-9.68577252293323,5.51391295978291,4.16602141951439,-216.703863740613,-243.327354867344
matrix,AW1,12883.950308598,59069.0562916792,41015.1456293596,-35.1928987994954,-19.116044991836,34.4754104316642,62.1874996701462,-402.480906053773
matrix,AW1,3345.29670942314,41015.1456293596,105668.831026674,-10.9753683903356,-54.5873197294965,23.0565821265685,348.489361010487,736.957521865985
matrix,AW1,-9.68577252293323,-35.1928987994954,-10.9753683903356,0.180612031790163,-0.0112528165561594,-0.0236654052474891,-1.20035141806855,0.467747196716215
matrix,AW1,5.51391295978291,-19.116044991836,-54.5873197294965,-0.0112528165561594,0.199340612963534,-0.0648874478082755,1.02988848811203,-2.25551277808794
matrix,AW1,4.16602141951439,34.4754104316642,23.0565821265685,-0.0236654052474891,-0.0648874478082755,0.195407740397172,-0.152675095732704,1.8107296406419
matrix,AW1,-216.703863740613,62.1874996701462,348.489361010487,-1.20035141806855,1.02988848811203,-0.152675095732704,65.0867883252615,-20.2754516909769
matrix,AW1,-243.327354867344,-402.480906053773,736.957521865985,0.467747196716215,-2.25551277808794,1.8107296406419,-20.2754516909769,83.4782117660841
matrix,OY1,8069.4986944164,7502.41102237436,216.194665504201,-6.73280339700442,1.91889038794793,2.78642508180236,-84.031798231742,-144.978803592567
matrix,OY1,7502.41102237436,31068.1685024245,13070.8303873629,-21.9169999683882,2.67465166272186,4.91357159287931,267.281684364658,-737.004839674906
matrix,OY1,216.194665504201,13070.8303873629,153054.77962964,-10.3475920013934,-44.1166894917105,-26.9990367204148,311.724561812137,1056.0964601465
matrix,OY1,-6.73280339700442,-21.9169999683882,-10.3475920013934,0.145400684580278,0.0141827397587603,-0.0124430516787741,-1.13923348258038,0.437700613756992
matrix,OY1,1.91889038794793,2.67465166272186,-44.1166894917105,0.0141827397587603,0.200165442597792,-0.0455953063478484,0.973877622360057,-2.02187263089463
matrix,OY1,2.78642508180236,4.91357159287931,-26.9990367204148,-0.0124430516787741,-0.0455953063478484,0.172335609348203,-0.205530412110818,1.31425477084543
matrix,OY1,-84.031798231742,267.281684364658,311.724561812137,-1.13923348258038,0.973877622360057,-0.205530412110818,59.4674257669318,-29.0768541010312
matrix,OY1,-144.978803592567,-737.004839674906,1056.0964601465,0.437700613756992,-2.02187263089463,1.31425477084543,-29.0768541010312,94.063637338002
matrix,OH1,8458.84988836176,4467.7954554791,5083.13554505255,2.79409146465386,4.16335676313423,1.38223789955466,-171.696522672328,-24.659579935629
matrix,OH1,4467.7954554791,34741.9332390151,10025.8255002323,-5.34506423697099,15.7015337256076,5.99170642337755,531.6705361904,-859.67835621659
matrix,OH1,5083.13554505255,10025.8255002323,59607.8752978767,2.61357422377812,3.36731099153847,1.26109676332343,61.5683131187661,-184.146745850749
matrix,OH1,2.79409146465386,-5.34506423697099,2.61357422377812,0.12700728300194,0.0229122369506769,0.013019741765035,-1.04894968804038,0.323083340668355
matrix,OH1,4.16335676313423,15.7015337256076,3.36731099153847,0.0229122369506769,0.135491408936849,0.0128012418240532,1.09069556365003,-1.12244951088784
matrix,OH1,1.38223789955466,5.99170642337755,1.26109676332343,0.013019741765035,0.0128012418240532,0.114097281141625,0.0475626677355801,0.961563650770532
matrix,OH1,-171.696522672328,531.6705361904,61.5683131187661,-1.04894968804038,1.09069556365003,0.0475626677355801,54.1781925358352,-32.4396304053279
matrix,OH1,-24.659579935629,-859.67835621659,-184.146745850749,0.323083340668355,-1.12244951088784,0.961563650770532,-32.4396304053279,69.9426965931517
