type,phone,F1_0.33,F2_0.33,F3_0.33,B1_0.33,B2_0.33,B3_0.33,A1A2diff_0.33,A2A3diff_0.33
means,{,716.428707280832,1630.36997028232,2620.3658692422,2.25357711738484,2.30980965824666,2.61516939078752,8.96740341753343,12.3635236255572
means,@,509.617852193995,1614.18633256351,2619.07502078522,2.1804880369515,2.3383792147806,2.61847224018476,15.7213436027714,10.2902951501155
means,A:,720.67580952381,1335.3348707483,2531.84317006803,2.37770761904762,2.34956952380952,2.62583047619048,6.90857551020408,16.9354186394558
means,aI,702.321051454139,1531.04766219239,2608.97784116331,2.3833322147651,2.32937058165548,2.65439440715884,8.54345022371365,13.7553458612975
means,aU,663.028762677485,1439.00886409736,2474.13123732252,2.21818823529412,2.2973799188641,2.6080509127789,9.19747829614604,14.511015821501
means,E,578.950403846154,1831.90041346154,2785.63783653846,2.12995586538462,2.30272663461538,2.57000375,14.8425690384615,8.90642605769231
means,E@,460.893265306122,1726.40755102041,2578.87795918367,1.99198979591837,2.29322857142857,2.45498367346939,16.6840734693878,6.18427959183673
means,eI,467.833611691023,2055.10412317328,2794.53402922756,1.9749232776618,2.43562745302714,2.58507066805846,21.2256902922756,4.25634217118998
means,I,444.500938967136,1952.19972769953,2772.53841314554,2.0111820657277,2.39428854460094,2.54874112676056,21.324222629108,5.19895164319249
means,i:,396.824265175719,2073.9621086262,2741.81602236422,1.94575399361022,2.4188857827476,2.55662619808307,22.1344803514377,4.05172252396166
means,O:,526.596943866944,1120.45609147609,2414.19237006237,2.1563632016632,2.40415301455301,2.63325322245322,12.3404646569647,19.1077286902287
means,Q,579.925489021956,1163.12814371257,2416.79818363273,2.29475608782435,2.37814291417166,2.65216966067864,9.57202754491018,18.5189770459082
means,U,407.797452471483,1431.75840304183,2534.86365019011,1.88518441064639,2.34272737642586,2.60244904942966,22.4031463878327,10.7900034220532
means,@U,474.887376146789,1211.25291743119,2523.74466055046,2.13886990825688,2.36695981651376,2.65599688073394,15.1468776146789,17.3443278899083
means,u:,366.027304785894,1346.57176322418,2444.73521410579,1.8768080604534,2.40846574307305,2.58347329974811,23.8242614609572,10.9034863979849
means,V,653.044005167959,1428.27235142119,2594.34392764858,2.29693837209302,2.37618953488372,2.64463139534884,10.187484496124,14.6858928940568
matrix,Q,14164.2409088104,8751.18426160958,13868.70326439,-4.97228572248303,4.83258030597206,2.64740424286627,-39.922342049497,57.3552152382475
matrix,Q,8751.18426160958,47244.8063011473,42782.3182918216,-14.2063560936766,10.3209591118204,6.55602323556886,585.087406001234,-800.213859802695
matrix,Q,13868.70326439,42782.3182918216,139574.554156094,-16.2333890119202,-2.28038782189621,11.2689679587824,554.642867284132,206.434605792224
matrix,Q,-4.97228572248303,-14.2063560936766,-16.2333890119202,0.0594079615078643,-0.00091416903177645,0.0139732373450699,-0.743961509068024,0.31000241861002
matrix,Q,4.83258030597206,10.3209591118204,-2.28038782189621,-0.00091416903177645,0.0579284724546906,0.0133277975845908,0.693866271935569,-0.756329946892974
matrix,Q,2.64740424286627,6.55602323556886,11.2689679587824,0.0139732373450699,0.0133277975845908,0.0612944137976846,0.154134151337365,0.666523155822196
matrix,Q,-39.922342049497,585.087406001234,554.642867284132,-0.743961509068024,0.693866271935569,0.154134151337365,34.7116800264798,-20.4873022453665
matrix,Q,57.3552152382475,-800.213859802695,206.434605792224,0.31000241861002,-0.756329946892974,0.666523155822196,-20.4873022453665,54.7229355348521
matrix,i:,11183.1132728192,-10467.7149338081,60.5304785924601,11.2653453181393,0.450968284736102,2.16434932168179,-409.047005925661,236.865729401378
matrix,i:,-10467.7149338081,167710.028827547,121193.143344561,-41.2804371396345,11.1145565996268,15.5959119766696,1616.9264322063,-949.183269833171
matrix,i:,60.5304785924601,121193.143344561,151015.827070073,-21.3286984264895,21.1167549369585,25.5772216627732,1605.90830331532,-411.511443428665
matrix,i:,11.2653453181393,-41.2804371396345,-21.3286984264895,0.0911854232240256,0.00889976889686901,0.0102231171592077,-1.47339935840941,0.559198976381904
matrix,i:,0.450968284736102,11.1145565996268,21.1167549369585,0.00889976889686901,0.103574163301546,-0.0080255580909393,1.5744220483762,-1.30252994374326
matrix,i:,2.16434932168179,15.5959119766696,25.5772216627732,0.0102231171592077,-0.0080255580909393,0.0571494885285623,0.0805775979875783,0.758262209056971
matrix,i:,-409.047005925661,1616.9264322063,1605.90830331532,-1.47339935840941,1.5744220483762,0.0805775979875783,95.2394226101893,-35.5321846935407
matrix,i:,236.865729401378,-949.183269833171,-411.511443428665,0.559198976381904,-1.30252994374326,0.758262209056971,-35.5321846935407,45.2391670003399
matrix,E,11167.6467212997,9760.07109309562,15874.8994161777,-1.91359017657696,1.58640914515251,7.0471298791386,-64.2925556804583,102.793293271468
matrix,E,9760.07109309562,77974.8973473746,77945.2208878059,-12.5160838412147,8.09204928156604,18.9658981129812,493.338458250542,-183.547847460255
matrix,E,15874.8994161777,77945.2208878059,129930.040812928,-7.5754482861433,3.67402204035408,22.3777591428657,631.469875950276,210.887426217161
matrix,E,-1.91359017657696,-12.5160838412147,-7.5754482861433,0.068306267357287,0.00928224001205856,0.00237363886633782,-0.661780013350466,0.0371089859634726
matrix,E,1.58640914515251,8.09204928156604,3.67402204035408,0.00928224001205856,0.06885674060849,0.00177100952466314,0.710359991749408,-0.898982923206735
matrix,E,7.0471298791386,18.9658981129812,22.3777591428657,0.00237363886633782,0.00177100952466314,0.0522442755489654,0.0516253452750241,0.653666281807868
matrix,E,-64.2925556804583,493.338458250542,631.469875950276,-0.661780013350466,0.710359991749408,0.0516253452750241,41.1063504754793,-12.8456781307998
matrix,E,102.793293271468,-183.547847460255,210.887426217161,0.0371089859634726,-0.898982923206735,0.653666281807868,-12.8456781307998,33.5101171844888
matrix,aI,21179.784987695,12694.2184804004,26075.1752967853,-2.51850445384309,1.91262542626343,11.1775604414975,-157.581630254435,291.761456317906
matrix,aI,12694.2184804004,59990.6855323785,63060.9854119687,-15.6002517566306,-3.3340303084931,14.7348952691052,455.5055022732,-217.609078268925
matrix,aI,26075.1752967853,63060.9854119687,171150.791535872,-4.69801943093561,-10.4373148900083,31.6066192465911,390.879889347068,906.124317718379
matrix,aI,-2.51850445384309,-15.6002517566306,-4.69801943093561,0.0565929718165899,0.00243253386030047,0.00545931642897405,-0.703459542134874,0.286048337524294
matrix,aI,1.91262542626343,-3.3340303084931,-10.4373148900083,0.00243253386030047,0.0572993071403108,0.00222949125745608,0.501393711658324,-0.59773568037385
matrix,aI,11.1775604414975,14.7348952691052,31.6066192465911,0.00545931642897405,0.00222949125745608,0.0497309131825709,0.031907868836639,0.8087626345233
matrix,aI,-157.581630254435,455.5055022732,390.879889347068,-0.703459542134874,0.501393711658324,0.031907868836639,33.0737069519764,-13.304394679148
matrix,aI,291.761456317906,-217.609078268925,906.124317718379,0.286048337524294,-0.59773568037385,0.8087626345233,-13.304394679148,42.4264271582751
matrix,eI,7333.37268349378,2791.87942971141,8332.31406589224,0.760117594001349,1.67003012853973,3.57518897020744,-98.070129950273,77.9368205246475
matrix,eI,2791.87942971141,115085.708917046,86855.7801425126,2.5612865528247,1.29608793788981,13.879396983136,320.101863312796,-290.572618713246
matrix,eI,8332.31406589224,86855.7801425126,119269.441537353,6.70144028960107,21.5167280094371,14.594223158016,693.497112159323,-172.487779246375
matrix,eI,0.760117594001349,2.5612865528247,6.70144028960107,0.0742369991963513,0.00510428410428161,0.00560443018192507,-0.725090945844846,0.0930803120162826
matrix,eI,1.67003012853973,1.29608793788981,21.5167280094371,0.00510428410428161,0.0880130890365574,-0.002814359455141,1.42234724657817,-0.977311900981298
matrix,eI,3.57518897020744,13.879396983136,14.594223158016,0.00560443018192507,-0.002814359455141,0.0487097575190935,0.0856780020347053,0.644162661520387
matrix,eI,-98.070129950273,320.101863312796,693.497112159323,-0.725090945844846,1.42234724657817,0.0856780020347053,59.5961421236988,-19.5779685086184
matrix,eI,77.9368205246475,-290.572618713246,-172.487779246375,0.0930803120162826,-0.977311900981298,0.644162661520387,-19.5779685086184,30.7315829402469
matrix,A:,19835.5375518983,11812.7770068146,27426.748719433,-3.66125766830154,2.71445595249773,4.90051700254314,-138.214471826197,202.926303313909
matrix,A:,11812.7770068146,49566.5594263797,56899.5204368544,-13.0156411379785,1.03494349605553,7.53963565653302,415.617099991381,-406.8774085841
matrix,A:,27426.748719433,56899.5204368544,155239.445260918,-15.288051048709,4.58426495914104,9.52420479971454,543.854049254852,222.565622319578
matrix,A:,-3.66125766830154,-13.0156411379785,-15.288051048709,0.0539481340290645,-0.00639347632061762,0.00702008111625795,-0.732617873355391,0.283306494585312
matrix,A:,2.71445595249773,1.03494349605553,4.58426495914104,-0.00639347632061762,0.0547857230208901,0.00539108163851045,0.793428745642273,-0.497849915343973
matrix,A:,4.90051700254314,7.53963565653302,9.52420479971454,0.00702008111625795,0.00539108163851045,0.0491389692334242,0.0219188578182171,0.68063508718321
matrix,A:,-138.214471826197,415.617099991381,543.854049254852,-0.732617873355391,0.793428745642273,0.0219188578182171,35.2551902386092,-16.226017953017
matrix,A:,202.926303313909,-406.8774085841,222.565622319578,0.283306494585312,-0.497849915343973,0.68063508718321,-16.226017953017,39.3708548744886
matrix,V,16666.4916775989,14292.987213209,22894.1595300444,-2.85145629360089,-0.682132877824243,4.88997900216613,-182.467844237953,149.335349752948
matrix,V,14292.987213209,58602.9722301687,64180.4630243877,-19.3252260269563,-13.6852130167574,10.353683578086,279.937232191743,-234.621517106167
matrix,V,22894.1595300444,64180.4630243877,153642.382583519,-12.9653447666897,-19.045678846295,19.5688261546677,276.647350901852,439.529634326781
matrix,V,-2.85145629360089,-19.3252260269563,-12.9653447666897,0.0627721443342158,0.0100171437009236,0.00158820383901441,-0.614432827683745,0.0922355367154547
matrix,V,-0.682132877824243,-13.6852130167574,-19.045678846295,0.0100171437009236,0.0573197713651133,0.00578859712070159,0.474486734080748,-0.40957893797873
matrix,V,4.88997900216613,10.353683578086,19.5688261546677,0.00158820383901441,0.00578859712070159,0.0515294799574295,0.111886579167845,0.696720925527393
matrix,V,-182.467844237953,279.937232191743,276.647350901852,-0.614432827683745,0.474486734080748,0.111886579167845,34.3957909109624,-13.2924072694247
matrix,V,149.335349752948,-234.621517106167,439.529634326781,0.0922355367154547,-0.40957893797873,0.696720925527393,-13.2924072694247,34.9179602052664
matrix,@,21225.9584311981,6974.18355921738,9364.05133186074,16.7394928037763,0.248001351824736,5.93848698055308,-619.516306109172,126.671481173035
matrix,@,6974.18355921738,61420.066686174,55942.3881392167,-8.96333240156497,-15.001911452419,11.3264830113619,173.688176357304,-195.588332020567
matrix,@,9364.05133186074,55942.3881392167,124234.641405603,-10.2317432009989,-25.1821849339486,14.5520587304756,274.699195766653,426.449223546081
matrix,@,16.7394928037763,-8.96333240156497,-10.2317432009989,0.103015435776413,0.0192943180229495,0.0133749700744089,-1.44588063652065,-0.0543477379092477
matrix,@,0.248001351824736,-15.001911452419,-25.1821849339486,0.0192943180229495,0.0793312255474423,0.0105828807674715,0.623410846900243,-0.783796552767211
matrix,@,5.93848698055308,11.3264830113619,14.5520587304756,0.0133749700744089,0.0105828807674715,0.054929128485044,0.0874461027959919,0.542819916473439
matrix,@,-619.516306109172,173.688176357304,274.699195766653,-1.44588063652065,0.623410846900243,0.0874461027959919,61.6325244170073,-12.33850930422
matrix,@,126.671481173035,-195.588332020567,426.449223546081,-0.0543477379092477,-0.783796552767211,0.542819916473439,-12.33850930422,36.6575898893341
matrix,{,17629.2696395466,15947.5967237711,22481.3593253069,-7.78360595522005,-1.34613502172221,8.28887557197915,-71.5282531161112,192.098503704694
matrix,{,15947.5967237711,60676.848207142,61358.8816367818,-16.9260463012763,-7.21220930328398,19.2386256270652,254.171800717364,14.7766930096317
matrix,{,22481.3593253069,61358.8816367818,112005.762018923,-18.7073339205561,-15.4459466445686,25.4437850906345,338.02635248884,548.171897926606
matrix,{,-7.78360595522005,-16.9260463012763,-18.7073339205561,0.0562310888208448,0.00784632023621577,-0.00378291013598493,-0.496479434772872,-0.1788648378812
matrix,{,-1.34613502172221,-7.21220930328398,-15.4459466445686,0.00784632023621577,0.0475824149214604,-0.00460565573071446,0.426639913687182,-0.678326890689831
matrix,{,8.28887557197915,19.2386256270652,25.4437850906345,-0.00378291013598493,-0.00460565573071446,0.0503947322164438,0.0738890060273828,0.755979743298641
matrix,{,-71.5282531161112,254.171800717364,338.02635248884,-0.496479434772872,0.426639913687182,0.0738890060273828,26.6544849552115,-8.21950874881598
matrix,{,192.098503704694,14.7766930096317,548.171897926606,-0.1788648378812,-0.678326890689831,0.755979743298641,-8.21950874881598,35.7651118259737
matrix,I,10759.7968406589,-1937.79393931175,5956.74919519441,5.61195482888559,-1.24754834731635,2.7892292808959,-320.349648893448,175.871246413869
matrix,I,-1937.79393931175,102382.737294945,76169.5798611276,-18.9260277276325,5.74658604762964,7.48046396891613,800.334963382108,-484.393737792315
matrix,I,5956.74919519441,76169.5798611276,116724.213526709,-15.603097258749,4.07939135492516,8.04545472603781,828.069813690078,-23.6348002140254
matrix,I,5.61195482888559,-18.9260277276325,-15.603097258749,0.0875856151385859,0.00917794667406191,0.0116722392909033,-1.11235881390769,0.19368640257179
matrix,I,-1.24754834731635,5.74658604762964,4.07939135492516,0.00917794667406191,0.086537328571658,0.0035751338268294,1.13331838349255,-1.04922365840221
matrix,I,2.7892292808959,7.48046396891613,8.04545472603781,0.0116722392909033,0.0035751338268294,0.0544332714648946,0.121801555619215,0.610835676802658
matrix,I,-320.349648893448,800.334963382108,828.069813690078,-1.11235881390769,1.13331838349255,0.121801555619215,65.8641621446472,-19.8976299118746
matrix,I,175.871246413869,-484.393737792315,-23.6348002140254,0.19368640257179,-1.04922365840221,0.610835676802658,-19.8976299118746,36.1298592106387
matrix,O:,9441.37389876559,4719.44621803015,7590.46612163332,-1.63449900019491,3.56027209985707,2.9124653275771,-108.895010710321,94.2209490211972
matrix,O:,4719.44621803015,48331.0903171916,30526.9907786577,-10.9788089941268,14.7501716972237,8.23004013553794,758.814512399073,-1035.33461299805
matrix,O:,7590.46612163332,30526.9907786577,131500.234988954,-9.41048105218728,2.8301645595071,11.57754405068,641.78914908394,142.596800775611
matrix,O:,-1.63449900019491,-10.9788089941268,-9.41048105218728,0.0678685324138947,-0.00911876108675502,0.0059032615459113,-0.958247347532441,0.385274341745452
matrix,O:,3.56027209985707,14.7501716972237,2.8301645595071,-0.00911876108675502,0.0678774430377685,0.0168388463808905,0.900698462315099,-0.919286133732502
matrix,O:,2.9124653275771,8.23004013553794,11.57754405068,0.0059032615459113,0.0168388463808905,0.0613655396614692,0.234137483780795,0.652777323907355
matrix,O:,-108.895010710321,758.814512399073,641.78914908394,-0.958247347532441,0.900698462315099,0.234137483780795,44.9610637945399,-28.8231390788589
matrix,O:,94.2209490211972,-1035.33461299805,142.596800775611,0.385274341745452,-0.919286133732502,0.652777323907355,-28.8231390788589,62.1333697433835
matrix,@U,6755.4004506395,10200.4616379999,10062.5322501187,-2.25650542285146,-0.115510390555856,2.87932467930046,-46.7099755625202,-6.62651620977471
matrix,@U,10200.4616379999,72842.393868495,42311.7845457532,-15.499523325651,-7.68325803696371,7.68289107713168,396.792492609545,-851.79961664034
matrix,@U,10062.5322501187,42311.7845457532,120504.222572725,-17.1591816591305,-12.4916887057609,16.6735800550054,336.92743272952,262.380685777867
matrix,@U,-2.25650542285146,-15.499523325651,-17.1591816591305,0.0671046767398813,-0.00423078310479628,-0.00229841358668376,-0.923845753487352,0.269087007826093
matrix,@U,-0.115510390555856,-7.68325803696371,-12.4916887057609,-0.00423078310479628,0.0679508394301133,0.00910457423104425,0.815016871892944,-0.809581097057373
matrix,@U,2.87932467930046,7.68289107713168,16.6735800550054,-0.00229841358668376,0.00910457423104425,0.0606289342733405,0.249379616768281,0.66520370277098
matrix,@U,-46.7099755625202,396.792492609545,336.92743272952,-0.923845753487352,0.815016871892944,0.249379616768281,40.2612562796083,-21.1632319079039
matrix,@U,-6.62651620977471,-851.79961664034,262.380685777867,0.269087007826093,-0.809581097057373,0.66520370277098,-21.1632319079039,54.7862474514634
matrix,U,4926.84108547006,2140.9314066032,7442.82355818942,0.811307421966156,-0.533105380373263,0.654667110164571,-61.9357964996952,84.3838210240182
matrix,U,2140.9314066032,45464.3126043102,19635.8707711186,-1.469558757815,-8.51458805153397,-3.60158989083679,-12.3122750019737,-517.202314101385
matrix,U,7442.82355818942,19635.8707711186,64079.3785339535,7.41621893116709,1.23193758671233,3.47920017905552,90.9660677956782,100.679102086698
matrix,U,0.811307421966156,-1.469558757815,7.41621893116709,0.0780621217789452,0.0132711736726845,0.00620549843932313,-0.848091072136679,0.114370880168055
matrix,U,-0.533105380373263,-8.51458805153397,1.23193758671233,0.0132711736726845,0.0777961178736249,0.012355654720779,0.693607693038197,-0.465252820246713
matrix,U,0.654667110164571,-3.60158989083679,3.47920017905552,0.00620549843932313,0.012355654720779,0.0592006487681769,0.219703738479378,0.561099163800975
matrix,U,-61.9357964996952,-12.3122750019737,90.9660677956782,-0.848091072136679,0.693607693038197,0.219703738479378,46.9696574954735,-8.59512788794561
matrix,U,84.3838210240182,-517.202314101385,100.679102086698,0.114370880168055,-0.465252820246713,0.561099163800975,-8.59512788794561,30.2276698109424
matrix,aU,17774.5156413521,14993.3804693234,24920.7751929975,-3.45406345361071,6.68089776372054,15.9744687785707,-84.0528149029255,265.956185826527
matrix,aU,14993.3804693234,50913.5087609022,51084.6053290506,-14.5236163873745,-0.938344148872836,29.3392876981934,253.127992213101,124.691216562724
matrix,aU,24920.7751929975,51084.6053290506,106659.587461271,-11.4961934752511,2.88737297408434,42.1477903555756,311.877776228129,687.320020413311
matrix,aU,-3.45406345361071,-14.5236163873745,-11.4961934752511,0.0604113511621234,0.00475411019010043,0.00601092277498805,-0.655485315621712,0.108379672605213
matrix,aU,6.68089776372054,-0.938344148872836,2.88737297408434,0.00475411019010043,0.0665519636406438,0.0111421459025132,0.752505416026691,-0.548750173299527
matrix,aU,15.9744687785707,29.3392876981934,42.1477903555756,0.00601092277498805,0.0111421459025132,0.0733626527481489,0.0992503639934283,0.848519356205041
matrix,aU,-84.0528149029255,253.127992213101,311.877776228129,-0.655485315621712,0.752505416026691,0.0992503639934283,38.2214321462963,-11.9229350773795
matrix,aU,265.956185826527,124.691216562724,687.320020413311,0.108379672605213,-0.548750173299527,0.848519356205041,-11.9229350773795,32.6287141649118
matrix,u:,5134.38050559626,4589.28551915821,8161.2614719169,4.95262044854718,0.237881255921941,0.639853513713966,-141.194897566254,74.6628915314289
matrix,u:,4589.28551915821,79624.6182787014,46534.0848526518,0.0261650564587941,2.35938435095921,13.8131684007328,338.267274128731,-785.179907392623
matrix,u:,8161.2614719169,46534.0848526518,81718.4881214818,4.77833049069409,2.31454671442384,15.2222376117917,289.310357509535,20.991436146859
matrix,u:,4.95262044854718,0.0261650564587941,4.77833049069409,0.0890254150358751,0.00586785166571255,-0.0111847606428262,-1.15763328804716,0.0837532527614304
matrix,u:,0.237881255921941,2.35938435095921,2.31454671442384,0.00586785166571255,0.0666384829144086,0.00408038072443579,0.799748079939063,-0.726563111047948
matrix,u:,0.639853513713966,13.8131684007328,15.2222376117917,-0.0111847606428262,0.00408038072443579,0.0605267821135791,0.551272078690622,0.380632983423784
matrix,u:,-141.194897566254,338.267274128731,289.310357509535,-1.15763328804716,0.799748079939063,0.551272078690622,56.2193568454049,-16.0290252911568
matrix,u:,74.6628915314289,-785.179907392623,20.991436146859,0.0837532527614304,-0.726563111047948,0.380632983423784,-16.0290252911568,36.2323122562792
matrix,E@,6813.52456828231,3576.7037102466,15515.8879005527,-5.93465584098639,3.64924636309524,-3.84425865391156,46.1548311092687,43.4179582971938
matrix,E@,3576.7037102466,138882.548193878,89164.4190907313,-42.2620896921769,-24.9112247619048,30.774837230017,536.516377808674,-53.4635118426871
matrix,E@,15515.8879005527,89164.4190907313,117055.689254082,-41.4414947295918,-7.15460535714286,8.3472829659864,742.104204944728,76.7505634366497
matrix,E@,-5.93465584098639,-42.2620896921769,-41.4414947295918,0.0795238559353741,0.00471061383928572,-0.00336656329506802,-0.857580743609694,0.125774154162415
matrix,E@,3.64924636309524,-24.9112247619048,-7.15460535714286,0.00471061383928572,0.106974064583333,-0.0145237243154762,0.97916176577381,-1.1028111158631
matrix,E@,-3.84425865391156,30.774837230017,8.3472829659864,-0.00336656329506802,-0.0145237243154762,0.0532285259778911,0.0726356570578232,0.344678968618197
matrix,E@,46.1548311092687,536.516377808674,742.104204944728,-0.857580743609694,0.97916176577381,0.0726356570578232,29.5131501303231,-11.8548902915944
matrix,E@,43.4179582971938,-53.4635118426871,76.7505634366497,0.125774154162415,-1.1028111158631,0.344678968618197,-11.8548902915944,22.3519545649915
