type,phone,F1_0.33,F2_0.33,F3_0.33,B1_0.33,B2_0.33,B3_0.33,A1A2diff_0.33,A2A3diff_0.33
means,AA1,565.015938061516,1152.57024310327,2460.2921012578,2.25503677201142,2.06051962794631,2.39329260120495,6.545851407885,17.4813535778459
means,AE1,625.670592740593,1459.71956154956,2454.94323232323,2.25660288045288,2.13304791319791,2.39965480630481,6.7743592962593,11.0433868853369
means,AH1,549.315555978675,1266.81832698654,2470.00127951257,2.17901712363544,2.04068624016248,2.35960393500889,8.06485845392232,14.4546754125413
means,AO1,482.892972396487,1053.39494730238,2505.12042659975,2.14086033877039,2.18714306148055,2.38831658720201,11.1071377415307,18.2939780803011
means,AW1,654.826050046055,1369.44903745778,2386.81873503224,2.33857838501689,2.13743220755296,2.4558606386245,4.85233097942892,13.430746346331
means,AY1,631.026334964006,1310.39343316231,2440.61663286004,2.32664417929444,2.10341168118363,2.43292250328123,5.82530276100704,13.5904839828183
means,EH1,565.086452433441,1483.706410039,2484.9208826522,2.18563786388559,2.11087925498841,2.3769186874682,9.07085438923747,10.2911730343112
means,ER1,528.388534008365,1395.88236627779,2435.38364076601,2.1009682368479,2.05181353731015,2.35078743121286,10.0453178956637,11.4636699097513
means,EY1,480.227027883397,1766.47417194761,2524.62047317279,1.98125891423743,2.13593403041825,2.33833273130545,13.6875895965357,4.43014555344318
means,IH1,429.396405353728,1755.03603011472,2511.10215463671,1.91088471558317,2.15669806405354,2.32226742351816,15.9896882409178,4.08605303537285
means,IY1,347.163802404439,2042.53633477189,2665.39340320592,1.79546969790382,2.1852683338471,2.36860752928483,19.0736383631319,1.79895457768187
means,OW1,512.855248584015,1480.81874935637,2415.08527547343,2.16347360833,2.12901629383832,2.40664792036158,10.7916069054294,9.77487891755821
means,OY1,463.293827160494,1001.14590828924,2549.49368606702,2.11077160493827,2.27425537918871,2.39249559082892,13.258382010582,19.6901804232804
means,UH1,435.225752461322,1327.16895452414,2426.55115799344,1.98244270979841,2.13493066104079,2.40247974683544,15.0121811533052,12.3398221753399
means,UW1,348.115149845451,1783.03966939927,2412.66359360301,1.81305702190566,2.19917106571697,2.39752816825695,19.1329399543072,3.93503683644671
matrix,OW1,8023.56509146898,-1861.29088066518,4508.74614573338,6.93778533088293,-0.966918610870622,-0.098999581486095,-274.752663677795,99.8923392998686
matrix,OW1,-1861.29088066518,36135.4063235989,5252.81651120963,-4.29603639603627,8.3566092601089,1.07180541306437,230.943836622837,-670.650232580379
matrix,OW1,4508.74614573338,5252.81651120963,40996.9398811219,11.7234410446605,-0.287514393377665,1.75139593536237,-89.084486351685,84.8986570853652
matrix,OW1,6.93778533088293,-4.29603639603627,11.7234410446605,0.0855574597766062,0.0156712891839082,0.0111024474199372,-0.998848033394812,0.135987377357516
matrix,OW1,-0.966918610870622,8.3566092601089,-0.287514393377665,0.0156712891839082,0.0583188129842954,0.00496337962995085,0.557757845435023,-0.677883798735881
matrix,OW1,-0.098999581486095,1.07180541306437,1.75139593536237,0.0111024474199372,0.00496337962995085,0.0609322443541541,-0.00166875657935621,0.755339162651256
matrix,OW1,-274.752663677795,230.943836622837,-89.084486351685,-0.998848033394812,0.557757845435023,-0.00166875657935621,34.6022828465406,-13.9053313866012
matrix,OW1,99.8923392998686,-670.650232580379,84.8986570853652,0.135987377357516,-0.677883798735881,0.755339162651256,-13.9053313866012,37.0002827990915
matrix,AW1,11020.5312654795,2269.58313663961,3225.99107576422,0.640902331927911,0.13787547838175,-1.5600978946366,-219.869979138016,7.95968605826671
matrix,AW1,2269.58313663961,14077.9924156709,4453.23023782722,1.88859593512576,5.73584855488122,4.14108193723387,51.8032783075758,-268.591098683465
matrix,AW1,3225.99107576422,4453.23023782722,42774.2897391642,2.08700967094926,-3.2312576377414,-0.357699572599068,-6.05972635125587,78.5465990664661
matrix,AW1,0.640902331927911,1.88859593512576,2.08700967094926,0.0549479021766637,0.0139708528289304,0.0122652545459724,-0.552991662003393,-0.118527621480798
matrix,AW1,0.13787547838175,5.73584855488122,-3.2312576377414,0.0139708528289304,0.0512143850764403,0.00989788316567121,0.442623876956935,-0.594645119823961
matrix,AW1,-1.5600978946366,4.14108193723387,-0.357699572599068,0.0122652545459724,0.00989788316567121,0.0662643906629423,0.0672346920747928,0.668187517407216
matrix,AW1,-219.869979138016,51.8032783075758,-6.05972635125587,-0.552991662003393,0.442623876956935,0.0672346920747928,23.2077392611774,-7.381982627553
matrix,AW1,7.95968605826671,-268.591098683465,78.5465990664661,-0.118527621480798,-0.594645119823961,0.668187517407216,-7.381982627553,28.9657235887821
matrix,AA1,9487.46469695557,3997.06043868314,7135.58352055511,5.98371662443429,1.5938435509833,0.628418458209758,-244.77547769112,32.1507566319235
matrix,AA1,3997.06043868314,22376.6946493489,2773.68034016566,3.31656897456917,11.32918553286,7.52103827759167,198.227117493347,-480.939803934062
matrix,AA1,7135.58352055511,2773.68034016566,56155.3394241889,6.95075084735438,0.61076506266347,3.05172275910022,-106.031073012599,211.809053276625
matrix,AA1,5.98371662443429,3.31656897456917,6.95075084735438,0.0667157657163866,0.0127681497813359,0.00883737426575484,-0.782829093863087,-0.0335764988900352
matrix,AA1,1.5938435509833,11.32918553286,0.61076506266347,0.0127681497813359,0.0618215710153373,0.0148231088122575,0.581418119847099,-0.681451732799092
matrix,AA1,0.628418458209758,7.52103827759167,3.05172275910022,0.00883737426575484,0.0148231088122575,0.0677257672074085,0.135430743893399,0.60718425546305
matrix,AA1,-244.77547769112,198.227117493347,-106.031073012599,-0.782829093863087,0.581418119847099,0.135430743893399,31.6880170130628,-14.805758288086
matrix,AA1,32.1507566319235,-480.939803934062,211.809053276625,-0.0335764988900352,-0.681451732799092,0.60718425546305,-14.805758288086,38.3525188271725
matrix,UW1,2853.81409890563,-5277.54926578379,-91.1961258745789,1.1861715495861,-0.982037775166435,-0.776941684328979,-85.8314890469152,82.062620730165
matrix,UW1,-5277.54926578379,78138.3891514767,22503.7340334597,-9.36808731447932,-1.83860064854548,11.2838518533997,59.2189897439903,-784.071876071691
matrix,UW1,-91.1961258745789,22503.7340334597,48154.9569966273,5.00221612556912,-2.07226417060447,12.135810775777,139.790472238793,96.8810392379023
matrix,UW1,1.1861715495861,-9.36808731447932,5.00221612556912,0.0682650317628502,0.00631393410441079,0.00394550082099578,-0.656745538696588,0.133036563806491
matrix,UW1,-0.982037775166435,-1.83860064854548,-2.07226417060447,0.00631393410441079,0.0672667055376947,-0.00270624412437826,0.839706479279861,-0.731632890150418
matrix,UW1,-0.776941684328979,11.2838518533997,12.135810775777,0.00394550082099578,-0.00270624412437826,0.0717479430155824,0.167676295258814,0.688857196442081
matrix,UW1,-85.8314890469152,59.2189897439903,139.790472238793,-0.656745538696588,0.839706479279861,0.167676295258814,41.2690396993618,-11.9473045768564
matrix,UW1,82.062620730165,-784.071876071691,96.8810392379023,0.133036563806491,-0.731632890150418,0.688857196442081,-11.9473045768564,34.7193870101174
matrix,AE1,13595.2413146178,-3288.20968580326,2210.44551257583,9.5075832878524,3.81674198081185,1.74670842846582,-376.012188557212,120.896885271636
matrix,AE1,-3288.20968580326,36645.8258926978,7577.10798045931,-5.10057172971329,9.84882849594906,1.62903738807625,358.516581814477,-758.584514043049
matrix,AE1,2210.44551257583,7577.10798045931,34998.5305777182,0.840956181286697,-1.72268311369621,-1.56294028439358,41.682686451495,-18.0244861158463
matrix,AE1,9.5075832878524,-5.10057172971329,0.840956181286697,0.0677962063640176,0.0169369733320367,0.0125187993914388,-0.851124594679329,0.105061522618674
matrix,AE1,3.81674198081185,9.84882849594906,-1.72268311369621,0.0169369733320367,0.0530653736463638,0.00909680293088289,0.376165170676558,-0.618600955740584
matrix,AE1,1.74670842846582,1.62903738807625,-1.56294028439358,0.0125187993914388,0.00909680293088289,0.0604398945078967,-0.0239460680054979,0.7351244487601
matrix,AE1,-376.012188557212,358.516581814477,41.682686451495,-0.851124594679329,0.376165170676558,-0.0239460680054979,31.6759366864055,-14.5746188537608
matrix,AE1,120.896885271636,-758.584514043049,-18.0244861158463,0.105061522618674,-0.618600955740584,0.7351244487601,-14.5746188537608,39.5309488780425
matrix,EH1,10041.3808977166,-701.779270425141,4120.50894751393,7.0635786824475,-1.09929562640722,0.910384815766965,-322.493385776549,114.083117399092
matrix,EH1,-701.779270425141,29968.2344740285,8960.60601248168,-5.87660297782791,6.40347575766566,2.16623787755242,219.08013152377,-516.030511157576
matrix,EH1,4120.50894751393,8960.60601248168,36516.9671321651,2.63233231925358,-2.48597249001253,-1.34603633109888,-27.7742953726174,4.86039670976338
matrix,EH1,7.0635786824475,-5.87660297782791,2.63233231925358,0.0740837637552289,0.0145390479509367,0.013775031836138,-0.896867523196214,0.169436548755432
matrix,EH1,-1.09929562640722,6.40347575766566,-2.48597249001253,0.0145390479509367,0.0545573364510093,0.00910435345684412,0.5520808551042,-0.619508748838157
matrix,EH1,0.910384815766965,2.16623787755242,-1.34603633109888,0.013775031836138,0.00910435345684412,0.0641178987502854,-0.018166505837375,0.772446965010026
matrix,EH1,-322.493385776549,219.08013152377,-27.7742953726174,-0.896867523196214,0.5520808551042,-0.018166505837375,33.9275338762633,-14.4653730536106
matrix,EH1,114.083117399092,-516.030511157576,4.86039670976338,0.169436548755432,-0.619508748838157,0.772446965010026,-14.4653730536106,35.2693054647812
matrix,AY1,15499.6877296304,2076.8712260984,5486.10157653401,8.3636217721789,6.10168802097769,2.57321450225429,-317.455613844721,43.1574560838603
matrix,AY1,2076.8712260984,23549.6324441432,5152.24273226679,-0.0849006693006403,12.3683470398011,2.36685369097593,256.058444109994,-554.867008530674
matrix,AY1,5486.10157653401,5152.24273226679,51977.4700790605,3.62686638641393,-1.24309844209176,0.49520271184185,-14.2279115369761,80.0224454063474
matrix,AY1,8.3636217721789,-0.0849006693006403,3.62686638641393,0.0687254850761928,0.0179660369037682,0.0138644801986061,-0.796283223392368,-0.011469379249229
matrix,AY1,6.10168802097769,12.3683470398011,-1.24309844209176,0.0179660369037682,0.0594585267647457,0.0114262007553411,0.351469882001714,-0.668243537043344
matrix,AY1,2.57321450225429,2.36685369097593,0.49520271184185,0.0138644801986061,0.0114262007553411,0.0597155563657483,-0.0330557100937944,0.710709336706647
matrix,AY1,-317.455613844721,256.058444109994,-14.2279115369761,-0.796283223392368,0.351469882001714,-0.0330557100937944,30.486891677073,-14.0710360360375
matrix,AY1,43.1574560838603,-554.867008530674,80.0224454063474,-0.011469379249229,-0.668243537043344,0.710709336706647,-14.0710360360375,39.589959971803
matrix,UH1,4139.1142607492,2008.8898008105,2548.28743461136,3.20724514725646,0.588609779450765,0.112654304646496,-91.0282722644236,3.24784701215224
matrix,UH1,2008.8898008105,48864.8075595537,-143.232063094594,-3.94289376864782,6.80149527550381,7.83021189814045,231.550019010306,-1009.60519803919
matrix,UH1,2548.28743461136,-143.232063094594,43033.1638731894,11.4683319828831,7.38239368492834,12.9400525370663,40.6730510105775,345.393339345791
matrix,UH1,3.20724514725646,-3.94289376864782,11.4683319828831,0.100704305102785,0.0331339506504593,0.0151970547303299,-0.69946619164778,0.165989772861082
matrix,UH1,0.588609779450765,6.80149527550381,7.38239368492834,0.0331339506504593,0.0856331276148067,0.0268926982197734,0.516269333959931,-0.491628264892245
matrix,UH1,0.112654304646496,7.83021189814045,12.9400525370663,0.0151970547303299,0.0268926982197734,0.0851492141205738,0.278127735368585,0.65902714087147
matrix,UH1,-91.0282722644236,231.550019010306,40.6730510105775,-0.69946619164778,0.516269333959931,0.278127735368585,26.5751995722807,-12.3630471385406
matrix,UH1,3.24784701215224,-1009.60519803919,345.393339345791,0.165989772861082,-0.491628264892245,0.65902714087147,-12.3630471385406,48.7338789325896
matrix,EY1,4429.60768540875,-2658.94631752418,532.433641746602,5.55354678365339,-1.35215954477491,-0.269819907567451,-177.181016019304,47.7410896008106
matrix,EY1,-2658.94631752418,28185.8041410804,12993.6905189299,-3.86909949076924,6.1083347987534,7.49114636686526,118.497188887603,-262.310370075669
matrix,EY1,532.433641746602,12993.6905189299,26266.5551397782,1.68497391000995,-2.12850305898978,0.850956351786601,36.15816510749,-77.2736594259089
matrix,EY1,5.55354678365339,-3.86909949076924,1.68497391000995,0.0879962923943845,0.0166121579801239,0.00872829324099269,-0.910376425157595,0.0233642416848304
matrix,EY1,-1.35215954477491,6.1083347987534,-2.12850305898978,0.0166121579801239,0.0603179143694306,0.00328662763536214,0.492025658471744,-0.561967003943944
matrix,EY1,-0.269819907567451,7.49114636686526,0.850956351786601,0.00872829324099269,0.00328662763536214,0.0583108166648958,-0.0413209960035879,0.639036054217069
matrix,EY1,-177.181016019304,118.497188887603,36.15816510749,-0.910376425157595,0.492025658471744,-0.0413209960035879,31.9401214782048,-8.74298890399208
matrix,EY1,47.7410896008106,-262.310370075669,-77.2736594259089,0.0233642416848304,-0.561967003943944,0.639036054217069,-8.74298890399208,23.3625511595419
matrix,IH1,6391.08873929402,467.454299317061,2712.74526706244,8.93447415683575,2.28245348019203,2.8271535227799,-220.447475364134,34.7202284736828
matrix,IH1,467.454299317061,36512.3984824812,22346.5931640226,-0.221769209483486,4.6978351240215,3.70727604969634,-67.0973703608984,-312.930997450719
matrix,IH1,2712.74526706244,22346.5931640226,39988.2866676768,5.15293734666882,-1.72452684463904,1.06159509123389,-74.2600908859787,-65.838588632751
matrix,IH1,8.93447415683575,-0.221769209483486,5.15293734666882,0.106625552876195,0.0259746686616939,0.0165414363085297,-1.00686587269917,-0.0369739473104788
matrix,IH1,2.28245348019203,4.6978351240215,-1.72452684463904,0.0259746686616939,0.0667867905496161,0.00872971981023796,0.482639653387057,-0.648663028827636
matrix,IH1,2.8271535227799,3.70727604969634,1.06159509123389,0.0165414363085297,0.00872971981023796,0.0625119945165114,-0.0402907482150742,0.636779175432944
matrix,IH1,-220.447475364134,-67.0973703608984,-74.2600908859787,-1.00686587269917,0.482639653387057,-0.0402907482150742,35.6569316232703,-8.17897468957587
matrix,IH1,34.7202284736828,-312.930997450719,-65.838588632751,-0.0369739473104788,-0.648663028827636,0.636779175432944,-8.17897468957587,25.1043699445157
matrix,IY1,2568.36627913598,-4352.9282251451,-3625.13476644425,0.874326931491748,0.0813893234225807,-0.551505102620032,-71.3978140999489,36.4186046164268
matrix,IY1,-4352.9282251451,42521.8315287308,34655.669567357,-1.29940290498402,1.39117078527613,6.22597513657748,86.6820901089442,-222.520722822064
matrix,IY1,-3625.13476644425,34655.669567357,61724.9399993152,0.451746115078271,-5.05790611997092,3.65679234177316,244.26255405317,-170.136534375272
matrix,IY1,0.874326931491748,-1.29940290498402,0.451746115078271,0.0602491431587835,0.00814621316137716,0.000389767327978019,-0.591027672438968,-0.0538619541079041
matrix,IY1,0.0813893234225807,1.39117078527613,-5.05790611997092,0.00814621316137716,0.0634650404838827,-0.00595451544325371,0.760824934111246,-0.721004951496264
matrix,IY1,-0.551505102620032,6.22597513657748,3.65679234177316,0.000389767327978019,-0.00595451544325371,0.0489065134947506,0.0209630313404179,0.64751772548345
matrix,IY1,-71.3978140999489,86.6820901089442,244.26255405317,-0.591027672438968,0.760824934111246,0.0209630313404179,40.1975836692549,-10.1292886629402
matrix,IY1,36.4186046164268,-222.520722822064,-170.136534375272,-0.0538619541079041,-0.721004951496264,0.64751772548345,-10.1292886629402,24.6313063788338
matrix,AH1,9255.27000123331,-1671.50208431791,3504.36826440215,7.95236337203231,-2.16963673666776,1.32339182020625,-360.882987851533,163.393057369074
matrix,AH1,-1671.50208431791,23884.9264005522,3139.92139302577,-5.43860121268382,6.53485091477026,2.37205506079261,311.738420858756,-559.688555764893
matrix,AH1,3504.36826440215,3139.92139302577,39134.7607290469,2.00161426766456,-1.69059299470621,-0.385374362151186,-45.4804696225994,57.4521504929341
matrix,AH1,7.95236337203231,-5.43860121268382,2.00161426766456,0.0791433026532971,0.0157047217908089,0.013234341731518,-1.01733958590395,0.170781251751536
matrix,AH1,-2.16963673666776,6.53485091477026,-1.69059299470621,0.0157047217908089,0.0584210112464687,0.0140923334831224,0.510869233100978,-0.573944327881843
matrix,AH1,1.32339182020625,2.37205506079261,-0.385374362151186,0.013234341731518,0.0140923334831224,0.0747019705240592,0.0193173037460872,0.792951746025417
matrix,AH1,-360.882987851533,311.738420858756,-45.4804696225994,-1.01733958590395,0.510869233100978,0.0193173037460872,35.9271783327678,-17.7352749991097
matrix,AH1,163.393057369074,-559.688555764893,57.4521504929341,0.170781251751536,-0.573944327881843,0.792951746025417,-17.7352749991097,39.5779030504542
matrix,AO1,13241.2648659661,19027.0518130002,10017.9600155721,15.4213188031842,6.45366657182501,6.81886880211434,-224.053420566583,-271.310536697669
matrix,AO1,19027.0518130002,56026.9826953982,18372.1091301141,26.9148045929028,15.6379143104638,16.5531289910863,57.149170195238,-1055.85751084649
matrix,AO1,10017.9600155721,18372.1091301141,66915.5090027293,8.60948886407933,11.8113680082308,8.77620511552309,63.0782229756153,-81.3739783930823
matrix,AO1,15.4213188031842,26.9148045929028,8.60948886407933,0.100055312359529,0.0149638080024763,0.0212595159722945,-1.03746055911782,-0.467687182678983
matrix,AO1,6.45366657182501,15.6379143104638,11.8113680082308,0.0149638080024763,0.0877459968805747,0.0184585104162721,0.785458605779534,-0.836989724434328
matrix,AO1,6.81886880211434,16.5531289910863,8.77620511552309,0.0212595159722945,0.0184585104162721,0.0698495016573186,-0.0268895032977074,0.400572349176532
matrix,AO1,-224.053420566583,57.149170195238,63.0782229756153,-1.03746055911782,0.785458605779534,-0.0268895032977074,35.5407211334104,-13.1761926096106
matrix,AO1,-271.310536697669,-1055.85751084649,-81.3739783930823,-0.467687182678983,-0.836989724434328,0.400572349176532,-13.1761926096106,49.4974599300942
matrix,ER1,4601.16474047479,844.34540446046,1921.35961865863,3.1413262325974,-0.712608552585098,-0.61987694951742,-159.177143191945,16.6199210708056
matrix,ER1,844.34540446046,16980.364380639,7832.78095542971,-1.80489388585339,6.00262535479391,4.14954090183057,92.1002199726159,-274.63911199153
matrix,ER1,1921.35961865863,7832.78095542971,36067.0828892078,3.88182736577775,2.61653826135907,4.37138377958779,34.6383159623526,12.5369390924026
matrix,ER1,3.1413262325974,-1.80489388585339,3.88182736577775,0.0740616998825577,0.0146247946022532,0.00823064874203523,-0.846401346023262,0.0171760735970887
matrix,ER1,-0.712608552585098,6.00262535479391,2.61653826135907,0.0146247946022532,0.0638873706159083,0.0137738241023735,0.483248712595644,-0.558227810054921
matrix,ER1,-0.61987694951742,4.14954090183057,4.37138377958779,0.00823064874203523,0.0137738241023735,0.0757822744941264,0.0618410825499433,0.801629279767029
matrix,ER1,-159.177143191945,92.1002199726159,34.6383159623526,-0.846401346023262,0.483248712595644,0.0618410825499433,27.1472424484093,-9.0157049076296
matrix,ER1,16.6199210708056,-274.63911199153,12.5369390924026,0.0171760735970887,-0.558227810054921,0.801629279767029,-9.0157049076296,29.1347752644334
matrix,OY1,6126.01454204075,11886.5914294682,4559.47726643328,6.34699889331676,8.32359415163809,4.16342711231078,-80.3103241041748,-154.83653310869
matrix,OY1,11886.5914294682,72526.2200917089,19998.3394693493,2.22740899668455,7.47120026056487,22.8658222469447,392.373168989867,-1093.08470691593
matrix,OY1,4559.47726643328,19998.3394693493,56097.5995243748,-1.54540443931859,16.3412616152959,9.06418516115754,180.361584875615,-17.8897630425524
matrix,OY1,6.34699889331676,2.22740899668455,-1.54540443931859,0.123229969068621,0.0385953636954151,0.00626866330214195,-1.0482215623315,-0.163545910662871
matrix,OY1,8.32359415163809,7.47120026056487,16.3412616152959,0.0385953636954151,0.153790057846455,0.0167366141492014,0.388635934955597,-0.604936936528783
matrix,OY1,4.16342711231078,22.8658222469447,9.06418516115754,0.00626866330214195,0.0167366141492014,0.106854954167804,0.081146020079552,0.333863539312824
matrix,OY1,-80.3103241041748,392.373168989867,180.361584875615,-1.0482215623315,0.388635934955597,0.081146020079552,33.3731858911599,-14.5001193509888
matrix,OY1,-154.83653310869,-1093.08470691593,-17.8897630425524,-0.163545910662871,-0.604936936528783,0.333863539312824,-14.5001193509888,46.2190132263829
