type,phone,F1_frequency_0.33,F2_frequency_0.33,F3_frequency_0.33,F1_log_bandwidth_0.33,F2_log_bandwidth_0.33,F3_log_bandwidth_0.33
means,{`,716.61231884058,1537.65130434783,2641.30484962406,2.18735856318598,2.31945214874798,2.51268602039443
means,},412.827082340932,1762.990190541,2585.98336528029,1.90565754188917,2.40303818391865,2.4845398639535
means,}:,390.483761975442,1926.52482121171,2613.32487317557,1.90409850038236,2.40558433588655,2.49956950571825
means,}@,592.900242718447,1773.17058252427,2713.27398058252,2.27435212073237,2.39096539666286,2.49795748038496
means,}@`,377.318888888889,1656.64555555556,2331.94444444444,1.77087510364415,2.4486168606521,2.39420719827953
means,}`,416.915498392283,1916.14434083601,2563.64948220065,1.84786550435712,2.32166674271018,2.47706672561794
means,@,519.754240518613,1643.08935289779,2664.03395308109,2.13945754974569,2.38173497143114,2.53072459093208
means,@`,534.146529557668,1566.41897064903,2605.5005799056,2.10221565520705,2.38245641992892,2.49487203381712
means,3`,585.492190934066,1332.03414148352,2442.23310984308,2.02075915686312,2.30339434636944,2.44244811572313
means,a,691.476613343029,1503.47392383203,2689.45117819212,2.20243046623366,2.32069945654874,2.54003987708703
means,a`,687.23430822255,1340.76694731659,2605.87540688967,2.15823765039402,2.30986843747005,2.54443834175447
means,ae,656.955940966231,1540.51576472763,2651.59789795661,2.21616549365246,2.35862492564229,2.54526871812702
means,e,451.477805290576,2036.48199580543,2730.04610494732,1.90012618613646,2.35692884511488,2.49329519197057
means,E,547.766693168433,1878.7648451119,2700.55300302712,1.99140739632518,2.32086732413806,2.49654394712376
means,e@,439.869090909091,2042.61727272727,2619.687,2.04185784563455,2.40765390370672,2.757371542668
means,E@,562.16587034384,1886.91265759312,2761.75142267267,2.1097938139294,2.37826491978558,2.55969959901661
means,e@`,449.413888888889,1749.25888888889,2627.12235294118,1.83177553196352,2.37266679354063,2.4844444356298
means,e`,462.501700869565,1945.03231304348,2668.76311028037,1.85206543211992,2.32335860149248,2.46029693277284
means,E`,577.000824289406,1691.93013436693,2680.96157644574,2.10228281093352,2.32949731029763,2.53385935783065
means,i,415.260738944547,2052.39264118435,2744.11775302826,1.95821698832855,2.41316443018593,2.50984622002554
means,I,495.064184517354,1754.63675332158,2672.32310323188,2.02574956629586,2.35178504462974,2.48988053981132
means,i:,385.531825777778,2162.29882933333,2800.32659848334,1.94904900207695,2.41457780096404,2.51846471214886
means,i@,409.291828767123,2062.82678767123,2680.54429491768,1.88195953551904,2.38784157859501,2.51300495304381
means,i@`,466.281125,2023.376375,2738.93407894737,1.9183380864268,2.36225869642499,2.47555785242365
means,i`,384.196464646465,2013.37434343434,2649.24184501845,1.96237063904529,2.47027194070898,2.54304500681275
means,O,545.542892695154,1190.47811470518,2588.73690558277,2.10059299416195,2.34443733730119,2.53553277304686
means,o:,483.059426934097,1259.10204011461,2583.4424795765,2.06287708592765,2.40025998460666,2.5749496912401
means,o`,443.287925696594,1046.82967182663,2569.73348553055,2.01511170835694,2.34412973559384,2.58817679347052
means,O`,537.016450417053,1141.53424930491,2560.06577378135,2.12533726265017,2.34989160082998,2.53058777452765
means,OI,548.287222222222,1200.24402439024,2554.9231874145,2.06180255351868,2.2858984525338,2.50857481406464
means,V,596.060817957657,1417.99611767707,2659.49490030211,2.12987320329903,2.34807985326505,2.54197716238344
means,Vi,585.865638218462,1743.48170938044,2683.22240449725,2.06926777003299,2.35427624585366,2.53329572943045
means,VU,585.277797758057,1633.41735871088,2596.12217982352,2.03882858495785,2.29982466925332,2.48852541672255
means,VU`,605.722904290429,1518.92669966997,2560.2372972973,2.0465766077063,2.33925215525601,2.52754317534192
matrix,I,9909.45775111027,1821.98341901502,6221.40515708423,7.10067652816291,0.431651846057099,2.6648512775204
matrix,I,1821.98341901502,61005.3342025988,31794.0814338866,-8.7697811520717,-7.81287441020729,2.60641114775891
matrix,I,6221.40515708423,31794.0814338866,62821.2353641894,-1.95435708227601,-10.4867118425073,4.82340608217992
matrix,I,7.10067652816291,-8.7697811520717,-1.95435708227601,0.113866778175024,0.0177955676223559,0.0153658627483141
matrix,I,0.431651846057099,-7.81287441020729,-10.4867118425073,0.0177955676223559,0.103778118653147,0.0171439571261909
matrix,I,2.6648512775204,2.60641114775891,4.82340608217992,0.0153658627483141,0.0171439571261909,0.0837546512697383
matrix,}:,5641.81736296144,1374.40691217042,5478.64717897176,4.07569111109127,2.22806236100947,0.207777661010074
matrix,}:,1374.40691217042,82223.5492446747,39231.1236740475,-12.1066817016053,-12.5026594573763,5.37190941467291
matrix,}:,5478.64717897176,39231.1236740475,70032.5374457641,0.00692825733824476,-1.13724936625481,16.4063275919143
matrix,}:,4.07569111109127,-12.1066817016053,0.00692825733824476,0.120254755660288,0.00315773711491444,0.0129076996455275
matrix,}:,2.22806236100947,-12.5026594573763,-1.13724936625481,0.00315773711491444,0.110537527577778,0.00253325057960213
matrix,}:,0.207777661010074,5.37190941467291,16.4063275919143,0.0129076996455275,0.00253325057960213,0.0841895201192687
matrix,V,14731.6993487493,-1158.52245989947,8919.8445649636,5.14332452152423,-0.365632834278206,1.69176258888195
matrix,V,-1158.52245989947,60137.3225676175,23346.5059732719,-5.72068703932135,1.42153550542727,7.8217933021364
matrix,V,8919.8445649636,23346.5059732719,91649.7650587111,-0.0111261048905358,-16.3939786019595,4.33580070142514
matrix,V,5.14332452152423,-5.72068703932135,-0.0111261048905358,0.101274330770349,0.0154378881013539,0.0145316687032046
matrix,V,-0.365632834278206,1.42153550542727,-16.3939786019595,0.0154378881013539,0.0860300556734386,0.00937798057712536
matrix,V,1.69176258888195,7.8217933021364,4.33580070142514,0.0145316687032046,0.00937798057712536,0.0935530729121632
matrix,a,16694.1335519187,7530.43235253914,12660.8983559979,3.11088300336162,-0.755986901371987,3.23290114107889
matrix,a,7530.43235253914,38921.7427365428,21722.7723278344,4.35710194387833,-0.00627475874839987,10.0425647198768
matrix,a,12660.8983559979,21722.7723278344,82529.0163589404,4.11556735676241,-14.6426834446016,5.45785500378128
matrix,a,3.11088300336162,4.35710194387833,4.11556735676241,0.0938068741860611,0.0102164513577372,0.0105518325101857
matrix,a,-0.755986901371987,-0.00627475874839987,-14.6426834446016,0.0102164513577372,0.0816985956087572,0.00719673808599373
matrix,a,3.23290114107889,10.0425647198768,5.45785500378128,0.0105518325101857,0.00719673808599373,0.0835185853310435
matrix,ae,20210.3824061537,3945.76314698456,11443.4560532276,3.93908810255755,-1.75332017505064,3.91667546905507
matrix,ae,3945.76314698456,50439.8291249657,26807.0789874339,-0.477354393157085,-0.525825190864967,7.52175474579735
matrix,ae,11443.4560532276,26807.0789874339,76314.6719022541,1.66376242014294,-14.150680842092,4.33508867780813
matrix,ae,3.93908810255755,-0.477354393157085,1.66376242014294,0.103011778119676,0.013110769479784,0.0137469256252274
matrix,ae,-1.75332017505064,-0.525825190864967,-14.150680842092,0.013110769479784,0.0880399198860636,0.00901845391509904
matrix,ae,3.91667546905507,7.52175474579735,4.33508867780813,0.0137469256252274,0.00901845391509904,0.0850781175931965
matrix,o:,10449.6642822479,11755.1758179025,7688.19718654766,6.46428294329158,1.73842313099439,1.35376770874966
matrix,o:,11755.1758179025,85902.3083292605,24731.6478287983,7.83968362084558,15.2312366844519,4.70041346669244
matrix,o:,7688.19718654766,24731.6478287983,83009.808676335,-3.23846250054012,-8.25893651090774,2.61486581600624
matrix,o:,6.46428294329158,7.83968362084558,-3.23846250054012,0.107234255451981,0.0196142678319992,0.0139343677761366
matrix,o:,1.73842313099439,15.2312366844519,-8.25893651090774,0.0196142678319992,0.103769771913933,0.0120139182328467
matrix,o:,1.35376770874966,4.70041346669244,2.61486581600624,0.0139343677761366,0.0120139182328467,0.0897432802166859
matrix,}`,5686.22797876897,2332.08405282541,4630.06044786702,3.5156153806505,4.80919925919271,-0.491626971510175
matrix,}`,2332.08405282541,43110.4454626613,28990.9704030471,-19.5784702882688,-8.57146097765558,1.1500954994377
matrix,}`,4630.06044786702,28990.9704030471,61046.8889471336,-0.40160888325235,-6.64492598759894,15.5109790125578
matrix,}`,3.5156153806505,-19.5784702882688,-0.40160888325235,0.10159767903695,-0.00074987544061158,0.00995479790410848
matrix,}`,4.80919925919271,-8.57146097765558,-6.64492598759894,-0.00074987544061158,0.118796833606585,0.0065208680589007
matrix,}`,-0.491626971510175,1.1500954994377,15.5109790125578,0.00995479790410848,0.0065208680589007,0.080647568257664
matrix,i`,5393.65875210879,-6612.77087136395,-1924.25305532869,3.62119812998801,-1.20882324599896,-3.39644281076897
matrix,i`,-6612.77087136395,119848.567903466,58398.0481479131,-13.8556101468962,-14.9139338417533,12.8026720928647
matrix,i`,-1924.25305532869,58398.0481479131,78573.6549380648,4.93362779314388,-10.4751378376668,14.308529398635
matrix,i`,3.62119812998801,-13.8556101468962,4.93362779314388,0.104000990066564,0.0155958789823932,0.0043555762505705
matrix,i`,-1.20882324599896,-14.9139338417533,-10.4751378376668,0.0155958789823932,0.117363574770152,0.00130959120925517
matrix,i`,-3.39644281076897,12.8026720928647,14.308529398635,0.0043555762505705,0.00130959120925517,0.0774886697156486
matrix,@,17611.0587541816,5734.38714220971,8195.08593405378,13.6019002382998,1.33357905636407,5.30649740843418
matrix,@,5734.38714220971,57162.9509127459,28490.4718203974,1.21391826897813,-3.45255474346966,3.64976896547141
matrix,@,8195.08593405378,28490.4718203974,65096.6524063585,-0.0691887361737168,-9.29439831498415,3.66126922605042
matrix,@,13.6019002382998,1.21391826897813,-0.0691887361737168,0.12021865067312,0.0216883431512358,0.0212011133119087
matrix,@,1.33357905636407,-3.45255474346966,-9.29439831498415,0.0216883431512358,0.0917764361534074,0.016005751273574
matrix,@,5.30649740843418,3.64976896547141,3.66126922605042,0.0212011133119087,0.016005751273574,0.0836220957157127
matrix,a`,13158.5334579602,7990.5382973335,10707.5379879437,3.6231285723774,0.636934849990749,2.41761129114246
matrix,a`,7990.5382973335,38716.6848404765,21338.9358814421,2.45118354624872,3.14590441586341,9.84512516153774
matrix,a`,10707.5379879437,21338.9358814421,93593.3833621096,7.27017400045968,-15.8820196532753,7.62158426397091
matrix,a`,3.6231285723774,2.45118354624872,7.27017400045968,0.0852259070160361,0.00970864637605598,0.00638148331105424
matrix,a`,0.636934849990749,3.14590441586341,-15.8820196532753,0.00970864637605598,0.0810998425984123,0.00848758756756902
matrix,a`,2.41761129114246,9.84512516153774,7.62158426397091,0.00638148331105424,0.00848758756756902,0.0897790701589533
matrix,E,8490.51549718078,532.830233604697,5499.00540775285,2.51663641635283,1.52968822928351,3.04998842275787
matrix,E,532.830233604697,75486.2412420052,40318.3535463555,-7.23753635819502,-1.70810745189387,4.74144169374611
matrix,E,5499.00540775285,40318.3535463555,61222.0936948303,2.00558609758232,-3.53363030043947,5.16206136817062
matrix,E,2.51663641635283,-7.23753635819502,2.00558609758232,0.0946488271412799,0.00718653082622832,0.0037658485230359
matrix,E,1.52968822928351,-1.70810745189387,-3.53363030043947,0.00718653082622832,0.0932335442945902,0.0100992593137584
matrix,E,3.04998842275787,4.74144169374611,5.16206136817062,0.0037658485230359,0.0100992593137584,0.0757551029948299
matrix,i,6287.8379711226,-2653.89902774217,2216.75748078691,5.37499324226509,1.01699617248054,-0.19988625550522
matrix,i,-2653.89902774217,96469.7520890746,50930.1985984052,-14.6224170136575,-12.0329307741208,16.7395355140624
matrix,i,2216.75748078691,50930.1985984052,71344.0901044265,-0.3783684369484,-7.63250635244436,14.5530509562844
matrix,i,5.37499324226509,-14.6224170136575,-0.3783684369484,0.108044094969091,0.0091319436760448,0.00864845724013359
matrix,i,1.01699617248054,-12.0329307741208,-7.63250635244436,0.0091319436760448,0.114075730327999,0.00359417052342866
matrix,i,-0.19988625550522,16.7395355140624,14.5530509562844,0.00864845724013359,0.00359417052342866,0.0792966397826873
matrix,},5121.03868789462,597.164961896487,4856.36743874696,3.76170749326289,-0.30188302598431,1.49212415742852
matrix,},597.164961896487,77190.772195038,27003.8923709355,-10.5175088556749,-5.54310406750244,-0.742244963824712
matrix,},4856.36743874696,27003.8923709355,56634.2508637135,0.542153811488172,-1.1837382079162,9.29857551867581
matrix,},3.76170749326289,-10.5175088556749,0.542153811488172,0.110996771122054,0.00966688307004324,0.0144233750921794
matrix,},-0.30188302598431,-5.54310406750244,-1.1837382079162,0.00966688307004324,0.0999592775730676,0.00969626283725256
matrix,},1.49212415742852,-0.742244963824712,9.29857551867581,0.0144233750921794,0.00969626283725256,0.0853639208547761
matrix,i:,5709.85029357615,13.4610229669739,2140.69532939331,5.44861105261021,2.78234371400474,0.264893592286212
matrix,i:,13.4610229669739,88999.5609154912,55192.6542627643,-10.5058719154036,-20.6632428351571,18.5329904719541
matrix,i:,2140.69532939331,55192.6542627643,85630.652824403,4.16414584554801,-11.4574810222943,18.2721061032833
matrix,i:,5.44861105261021,-10.5058719154036,4.16414584554801,0.10525086873413,0.00669357133057434,0.00876510496517306
matrix,i:,2.78234371400474,-20.6632428351571,-11.4574810222943,0.00669357133057434,0.121517980640454,-0.00114360205482302
matrix,i:,0.264893592286212,18.5329904719541,18.2721061032833,0.00876510496517306,-0.00114360205482302,0.0809914105386337
matrix,e`,7073.20016143418,-5772.12889507852,2142.58653548409,4.14630693776562,0.262063385767885,1.67550216265574
matrix,e`,-5772.12889507852,100549.56409982,48580.9852915491,-18.2614816248214,-0.911610864794281,13.1296049693321
matrix,e`,2142.58653548409,48580.9852915491,66192.3258256255,0.298801556092824,0.808222379020786,10.5176822335629
matrix,e`,4.14630693776562,-18.2614816248214,0.298801556092824,0.0962800639169059,0.00467155614934023,0.00771413062955754
matrix,e`,0.262063385767885,-0.911610864794281,0.808222379020786,0.00467155614934023,0.110232482926918,0.0109737734885962
matrix,e`,1.67550216265574,13.1296049693321,10.5176822335629,0.00771413062955754,0.0109737734885962,0.0818146451837189
matrix,O,9301.20885023432,5092.50661151451,8012.79101209583,2.7142630963694,1.40916166309318,1.85772898112818
matrix,O,5092.50661151451,55846.1784575196,12817.9328140632,5.56195814040062,17.3142102318619,10.8230321889212
matrix,O,8012.79101209583,12817.9328140632,93836.4644036105,-0.612824244268774,-16.4871152375953,-0.013747171435483
matrix,O,2.7142630963694,5.56195814040062,-0.612824244268774,0.0955674578788227,0.0203206141461278,0.0147614787730705
matrix,O,1.40916166309318,17.3142102318619,-16.4871152375953,0.0203206141461278,0.1029399758527,0.0149509027574779
matrix,O,1.85772898112818,10.8230321889212,-0.013747171435483,0.0147614787730705,0.0149509027574779,0.0930691649615448
matrix,e,7631.91491834744,-3981.07328474736,1244.75853466572,7.52471331095336,1.18560599570183,0.291094742821277
matrix,e,-3981.07328474736,85730.4221889696,48935.3956927551,-19.9487933916938,-8.51403305100698,13.5099901527166
matrix,e,1244.75853466572,48935.3956927551,64470.6022627759,-3.97180865999111,-4.77209503135598,10.9557458289372
matrix,e,7.52471331095336,-19.9487933916938,-3.97180865999111,0.112586568785858,0.00375821081493175,0.00524957948927326
matrix,e,1.18560599570183,-8.51403305100698,-4.77209503135598,0.00375821081493175,0.109662729223148,0.0081368455918298
matrix,e,0.291094742821277,13.5099901527166,10.9557458289372,0.00524957948927326,0.0081368455918298,0.0784575400969653
matrix,VU,12621.8734398374,3001.07327177422,9410.9678393679,7.49870998685348,0.241079634714442,4.14421151043804
matrix,VU,3001.07327177422,52556.286176501,27177.1779642114,-4.63662579291941,-1.86007751299645,3.95380409606317
matrix,VU,9410.9678393679,27177.1779642114,64590.2732864209,8.14653218111141,-3.61374738693692,2.91365468422926
matrix,VU,7.49870998685348,-4.63662579291941,8.14653218111141,0.096259679073389,0.00782520362528201,0.00620715104734971
matrix,VU,0.241079634714442,-1.86007751299645,-3.61374738693692,0.00782520362528201,0.0884114747824864,0.00714078644100664
matrix,VU,4.14421151043804,3.95380409606317,2.91365468422926,0.00620715104734971,0.00714078644100664,0.0825508271660734
matrix,E`,16800.0776593657,3653.82021638253,8554.4687881531,7.99177033076967,1.94449342850045,0.853262105559814
matrix,E`,3653.82021638253,53638.0399128464,27632.7869649196,-3.27093057060118,-3.16017457732104,1.77927001907427
matrix,E`,8554.4687881531,27632.7869649196,60350.6054784703,1.2188296617011,-5.0107478792933,7.40176370460321
matrix,E`,7.99177033076967,-3.27093057060118,1.2188296617011,0.115794400647022,0.0169240164934196,0.0120299347147658
matrix,E`,1.94449342850045,-3.16017457732104,-5.0107478792933,0.0169240164934196,0.0853358843609323,0.0136149640979681
matrix,E`,0.853262105559814,1.77927001907427,7.40176370460321,0.0120299347147658,0.0136149640979681,0.0747476917035033
matrix,@`,10573.1717832084,3216.6659719095,7140.47124814688,5.40418485649055,-0.394440691870828,1.66918133258079
matrix,@`,3216.6659719095,54305.6563539524,26814.2342341431,0.190690477595927,-1.52078822383002,7.23353478942703
matrix,@`,7140.47124814688,26814.2342341431,71442.0210258777,-5.07674648196743,-10.5626896351879,4.14913040979407
matrix,@`,5.40418485649055,0.190690477595927,-5.07674648196743,0.102359027017116,0.0185486518020432,0.0149104392514607
matrix,@`,-0.394440691870828,-1.52078822383002,-10.5626896351879,0.0185486518020432,0.0837516770137876,0.0116096777332651
matrix,@`,1.66918133258079,7.23353478942703,4.14913040979407,0.0149104392514607,0.0116096777332651,0.0879891612817449
matrix,3`,8056.65725488707,4331.81930747367,6172.85292081039,3.22242280299612,0.685260141070649,4.61716626811332
matrix,3`,4331.81930747367,64514.2277513537,33029.749650951,-9.77055048102309,2.7554987397812,16.4174508569598
matrix,3`,6172.85292081039,33029.749650951,83457.8275840407,-1.36768028809128,-12.6750514880766,8.66791531178384
matrix,3`,3.22242280299612,-9.77055048102309,-1.36768028809128,0.0837217660231208,0.0163708608397026,0.0111131037552505
matrix,3`,0.685260141070649,2.7554987397812,-12.6750514880766,0.0163708608397026,0.0986978938929215,0.0125528174535509
matrix,3`,4.61716626811332,16.4174508569598,8.66791531178384,0.0111131037552505,0.0125528174535509,0.100545072801747
matrix,O`,9843.5238935853,8831.79971712207,6523.4546893204,3.30688942510412,5.43178888417002,1.53307072159247
matrix,O`,8831.79971712207,52056.8169787413,15469.1329800865,8.99941806183142,27.1504977825845,10.1093338911097
matrix,O`,6523.4546893204,15469.1329800865,81460.8789618181,-6.50766599162524,-13.5671322919516,-0.176332659889923
matrix,O`,3.30688942510412,8.99941806183142,-6.50766599162524,0.0911778406645659,0.0245298671381558,0.018350933784014
matrix,O`,5.43178888417002,27.1504977825845,-13.5671322919516,0.0245298671381558,0.113243021384341,0.0199445112456934
matrix,O`,1.53307072159247,10.1093338911097,-0.176332659889923,0.018350933784014,0.0199445112456934,0.0916219426165958
matrix,Vi,11759.0787097523,-890.616038460657,7195.99852012614,6.88998609452783,-0.558407611313475,3.35366566017952
matrix,Vi,-890.616038460657,54438.3826130286,29638.9019613719,-8.30079231752055,-3.39455831258741,3.70835285812196
matrix,Vi,7195.99852012614,29638.9019613719,74033.121661634,5.22500951306681,-11.1510513923859,5.23854834099992
matrix,Vi,6.88998609452783,-8.30079231752055,5.22500951306681,0.103594346335233,0.00527161330139385,0.00432665135084095
matrix,Vi,-0.558407611313475,-3.39455831258741,-11.1510513923859,0.00527161330139385,0.0889680724325922,0.00781137860897088
matrix,Vi,3.35366566017952,3.70835285812196,5.23854834099992,0.00432665135084095,0.00781137860897088,0.0790259182069907
matrix,OI,8196.14214129828,6472.14014290407,7854.01629709293,2.4398067486455,3.43151375643475,0.18812377724676
matrix,OI,6472.14014290407,49182.9186344943,15719.6258955986,-2.99701982874689,15.3646981996607,9.90313682869007
matrix,OI,7854.01629709293,15719.6258955986,79960.9963965388,7.11283619971479,-10.5770312267809,3.10975141472115
matrix,OI,2.4398067486455,-2.99701982874689,7.11283619971479,0.0871548580952096,0.00789119995912472,0.00872020962147369
matrix,OI,3.43151375643475,15.3646981996607,-10.5770312267809,0.00789119995912472,0.0855426789764618,0.011726585223608
matrix,OI,0.18812377724676,9.90313682869007,3.10975141472115,0.00872020962147369,0.011726585223608,0.0997801759023974
matrix,o`,4758.41700052242,4768.93505607283,4221.98639247551,2.63744650479437,2.30257081626213,0.674732693539557
matrix,o`,4768.93505607283,52667.2702765636,12369.7931033407,0.796582349316587,31.1176843487568,8.91082402373991
matrix,o`,4221.98639247551,12369.7931033407,73511.7284640337,-7.92989168917934,-7.37225582812007,1.22467734379026
matrix,o`,2.63744650479437,0.796582349316587,-7.92989168917934,0.0906935279338271,0.0218894010829561,0.00802808282682757
matrix,o`,2.30257081626213,31.1176843487568,-7.37225582812007,0.0218894010829561,0.133878481532735,0.011047127761111
matrix,o`,0.674732693539557,8.91082402373991,1.22467734379026,0.00802808282682757,0.011047127761111,0.0852251234821499
matrix,i@,4768.28585313022,631.464161809947,3307.12921525896,4.39007123604935,1.08692120078334,0.973792839237835
matrix,i@,631.464161809947,79931.19716371,52308.0267341393,-9.89500664298705,-1.7723701704521,16.0711163337506
matrix,i@,3307.12921525896,52308.0267341393,72345.1238932883,-1.35882686676975,-4.13241409731652,19.2063637222592
matrix,i@,4.39007123604935,-9.89500664298705,-1.35882686676975,0.111276809158567,0.00287644163387857,0.00601118073198915
matrix,i@,1.08692120078334,-1.7723701704521,-4.13241409731652,0.00287644163387857,0.0924259778457966,-0.00284424897353024
matrix,i@,0.973792839237835,16.0711163337506,19.2063637222592,0.00601118073198915,-0.00284424897353024,0.0812138005517885
matrix,i@`,7464.41892126316,-7392.9410877193,5790.99161024561,5.30933731722709,2.04013742436879,8.07517238972343
matrix,i@`,-7392.9410877193,78486.9749645438,45061.2704260175,6.85887505468193,-3.60175840892127,8.15994999686116
matrix,i@`,5790.99161024561,45061.2704260175,79655.7150084737,14.6835738030105,4.8009554233907,26.080266239596
matrix,i@`,5.30933731722709,6.85887505468193,14.6835738030105,0.122828818854176,-0.0132456962596654,-0.00239447780951722
matrix,i@`,2.04013742436879,-3.60175840892127,4.8009554233907,-0.0132456962596654,0.0845107464202871,0.0106254319275709
matrix,i@`,8.07517238972343,8.15994999686116,26.080266239596,-0.00239447780951722,0.0106254319275709,0.10573300344906
matrix,}@`,2248.62383333333,2693.56543717949,1251.73230897436,5.01477575940936,0.158380786694102,-0.147700694946358
matrix,}@`,2693.56543717949,42417.1159871795,23910.7070282051,8.43978190605426,11.8693455919552,34.1709971765881
matrix,}@`,1251.73230897436,23910.7070282051,34618.6612564103,5.50962892121507,12.8203184234771,34.1334862925411
matrix,}@`,5.01477575940936,8.43978190605426,5.50962892121507,0.0993779525378343,-0.00636378518595058,-0.00329257435887856
matrix,}@`,0.158380786694102,11.8693455919552,12.8203184234771,-0.00636378518595058,0.120690955332147,0.0157951304963784
matrix,}@`,-0.147700694946358,34.1709971765881,34.1334862925411,-0.00329257435887856,0.0157951304963784,0.087196101910816
matrix,}@,107720.39894677,60335.0735593701,67745.6282190291,63.7875229291513,14.92559294363,23.5593525110443
matrix,}@,60335.0735593701,64949.4210874639,52433.4712776699,31.7215427270348,2.36669820531141,15.6687117493328
matrix,}@,67745.6282190291,52433.4712776699,91794.5202094435,48.8916483619478,3.81389261463586,22.8182503192157
matrix,}@,63.7875229291513,31.7215427270348,48.8916483619478,0.180872856596152,-0.0116180901819278,0.0312990877713884
matrix,}@,14.92559294363,2.36669820531141,3.81389261463586,-0.0116180901819278,0.0797416990556046,0.0102370574455859
matrix,}@,23.5593525110443,15.6687117493328,22.8182503192157,0.0312990877713884,0.0102370574455859,0.0990510075553039
matrix,{`,20665.2122635892,6967.75546388991,26252.5589510739,12.2855893563207,-2.24283437361163,6.33269602938252
matrix,{`,6967.75546388991,41316.0484250035,25247.8219440077,-1.90611958246314,-6.74078774533319,4.08971012104191
matrix,{`,26252.5589510739,25247.8219440077,89957.8394831848,16.9804651087633,-15.1157311584276,-0.85165457564861
matrix,{`,12.2855893563207,-1.90611958246314,16.9804651087633,0.109409096767254,0.00107210188620526,0.0146386953031633
matrix,{`,-2.24283437361163,-6.74078774533319,-15.1157311584276,0.00107210188620526,0.0717232542948178,0.0044650561338332
matrix,{`,6.33269602938252,4.08971012104191,-0.85165457564861,0.0146386953031633,0.0044650561338332,0.0874572519461093
matrix,E@,14100.4774582365,1514.68502980093,6024.25043145963,-0.424722960767654,0.0348633801786569,0.793346569546425
matrix,E@,1514.68502980093,53872.9469898604,30189.8491453174,-21.6547853125048,-2.71943603295702,5.61513744371634
matrix,E@,6024.25043145963,30189.8491453174,54271.2768669576,-7.94158192278082,-2.29508552225847,7.47668330680991
matrix,E@,-0.424722960767654,-21.6547853125048,-7.94158192278082,0.110163931543143,0.00864130927772249,0.00504769400755892
matrix,E@,0.0348633801786569,-2.71943603295702,-2.29508552225847,0.00864130927772249,0.0948007845623803,0.0150727624681612
matrix,E@,0.793346569546425,5.61513744371634,7.47668330680991,0.00504769400755892,0.0150727624681612,0.0701240504695466
matrix,VU`,14396.3029337792,8911.95021259734,13498.6250046083,7.23467666235698,-3.94931075893401,3.4883241878849
matrix,VU`,8911.95021259734,58010.7521298019,26666.0512639487,-3.68558578296991,-10.4996800845264,14.6157450828428
matrix,VU`,13498.6250046083,26666.0512639487,85292.6466841961,11.7280841503493,-12.440233565957,5.64897495249236
matrix,VU`,7.23467666235698,-3.68558578296991,11.7280841503493,0.0890938210366865,0.0192389460559054,0.0023931613901584
matrix,VU`,-3.94931075893401,-10.4996800845264,-12.440233565957,0.0192389460559054,0.0837609920248517,0.00948885722767893
matrix,VU`,3.4883241878849,14.6157450828428,5.64897495249236,0.0023931613901584,0.00948885722767893,0.0893090637106294
matrix,e@,13631.2996044444,11313.8710377778,19438.3803244445,32.1458786153033,-0.331898731556959,-1.76747157532229
matrix,e@,11313.8710377778,68668.1839155555,42303.46978,-15.8292381317717,-21.4812671778458,11.1510003232583
matrix,e@,19438.3803244445,42303.46978,55677.8688011112,16.8471407739319,-0.228296408004376,16.7235884092499
matrix,e@,32.1458786153033,-15.8292381317717,16.8471407739319,0.186790066198564,0.0059571708934382,-0.0199436316682257
matrix,e@,-0.331898731556959,-21.4812671778458,-0.228296408004376,0.0059571708934382,0.107214650509028,0.0581955112620191
matrix,e@,-1.76747157532229,11.1510003232583,16.7235884092499,-0.0199436316682257,0.0581955112620191,0.0753771800584556
matrix,e@`,3229.75093676471,267.282384926468,6830.55907132353,-0.341119403896762,-2.76737156465023,3.30469637860301
matrix,e@`,267.282384926468,56594.6121441176,911.21325588235,5.42438894948417,21.0431100781992,14.6055507702166
matrix,e@`,6830.55907132353,911.21325588235,74500.2217441176,-21.2614323239712,-14.7910874879749,19.7875151470864
matrix,e@`,-0.341119403896762,5.42438894948417,-21.2614323239712,0.0323186784884951,0.00749363506286892,0.00273777264414131
matrix,e@`,-2.76737156465023,21.0431100781992,-14.7910874879749,0.00749363506286892,0.0339449933051122,-0.0127209835251481
matrix,e@`,3.30469637860301,14.6055507702166,19.7875151470864,0.00273777264414131,-0.0127209835251481,0.0674637510516351
