type,phone,F1_frequency_0.33,F2_frequency_0.33,F3_frequency_0.33,F1_log_bandwidth_0.33,F2_log_bandwidth_0.33,F3_log_bandwidth_0.33
means,AA1,661.052877164056,1205.57708161583,2353.21461601982,2.10582546169461,2.3528265587285,2.53000780021739
means,AE1,651.720948113208,1617.19268396226,2451.65833491012,2.05241894086177,2.25691500392345,2.53354334970989
means,AH1,621.772904392765,1346.42481136951,2405.09385492228,2.03608770723453,2.25814474065346,2.48848441579765
means,AO1,596.379350893697,1155.69043273754,2425.11416113744,2.06699036010018,2.49881047220481,2.56811159559997
means,AW1,688.56137254902,1353.51336898396,2426.91311827957,2.10983733742781,2.23069946551785,2.46424420930122
means,AY1,681.527548148148,1410.42774074074,2430.92268219384,2.09848414874068,2.23895455335717,2.54121834814602
means,EH1,569.440595641646,1645.93803389831,2436.15839469809,1.9128847264516,2.21671752821038,2.48308727102713
means,ER1,494.446165803109,1378.64269430052,2005.55254054054,2.03975868057236,2.17448220069015,2.6069672437164
means,EY1,473.908241903503,1940.41339722406,2495.75082650273,1.94052733441252,2.2453380580639,2.52460713218894
means,IH1,456.217966002345,1791.6092028136,2506.99126360339,2.00930259574703,2.26434251785721,2.47410419196766
means,IY1,382.003093851133,2104.79381877023,2622.68074177747,2.07075421644657,2.31165686198649,2.50331552487667
means,OW1,545.643590814196,1127.481565762,2429.92537329127,2.12649647359698,2.43997651566942,2.49092147890973
means,OY1,583.97475,1094.61275,2474.099,2.18692375711924,2.58095388597426,2.50560742136665
means,UH1,476.91132,1352.54464,2311.45253012048,2.01477445293193,2.30506160555476,2.43512438443871
means,UW1,390.093280788177,1461.10803940887,2366.69990972919,2.0372745265567,2.444789981118,2.35841793286243
matrix,UW1,4728.62228960133,-703.880091185706,1296.76438420372,4.92776966090034,3.81695778274702,2.59958920091935
matrix,UW1,-703.880091185706,76241.3012892708,16950.4529641414,-3.3659170185102,-15.5806628108811,11.2732066800718
matrix,UW1,1296.76438420372,16950.4529641414,44207.9931235862,13.0663387332237,-3.85038701451869,21.0688687337455
matrix,UW1,4.92776966090034,-3.3659170185102,13.0663387332237,0.120955943546476,0.00158916805605816,0.0211701725925477
matrix,UW1,3.81695778274702,-15.5806628108811,-3.85038701451869,0.00158916805605816,0.101536289961149,0.0274683136649516
matrix,UW1,2.59958920091935,11.2732066800718,21.0688687337455,0.0211701725925477,0.0274683136649516,0.111945160939321
matrix,AA1,7207.35655373989,2031.42049417939,5848.76855584846,5.19519912329227,0.0815891454813215,1.18727491756705
matrix,AA1,2031.42049417939,24372.8851400581,10224.5921973877,-0.931164629482931,6.14744215721436,7.85074082234837
matrix,AA1,5848.76855584846,10224.5921973877,63509.5420357822,10.8330852807168,-7.46124160919732,8.23766071460026
matrix,AA1,5.19519912329227,-0.931164629482931,10.8330852807168,0.118188860379246,-0.0089052988581233,-0.00901632786695252
matrix,AA1,0.0815891454813215,6.14744215721436,-7.46124160919732,-0.0089052988581233,0.102913211787086,0.0106544070934222
matrix,AA1,1.18727491756705,7.85074082234837,8.23766071460026,-0.00901632786695252,0.0106544070934222,0.0811687947035624
matrix,AE1,11117.5146695356,-1507.55923917757,3220.2462634456,1.08684645941889,-4.65257214545244,0.376098275052698
matrix,AE1,-1507.55923917757,26053.9382680777,11829.6114543295,15.1874396776877,-2.70015989941105,1.66470128392127
matrix,AE1,3220.2462634456,11829.6114543295,32628.8403933454,9.72146600251954,-3.19864349287874,2.37275739578639
matrix,AE1,1.08684645941889,15.1874396776877,9.72146600251954,0.131255062544882,-0.00177929906012706,-0.000186615224528822
matrix,AE1,-4.65257214545244,-2.70015989941105,-3.19864349287874,-0.00177929906012706,0.105679272561808,0.0199003054659808
matrix,AE1,0.376098275052698,1.66470128392127,2.37275739578639,-0.000186615224528822,0.0199003054659808,0.0613721560027005
matrix,OW1,7416.38433982357,4139.61028403542,3420.6243778654,7.22100832572859,3.13296804920061,-0.629793315827626
matrix,OW1,4139.61028403542,47932.2913857894,27191.4064133899,-11.7017080786118,22.3711903143295,12.1403910472473
matrix,OW1,3420.6243778654,27191.4064133899,81235.16081815,-4.45445459218696,12.9718884794304,7.19704433346506
matrix,OW1,7.22100832572859,-11.7017080786118,-4.45445459218696,0.121629783438274,-0.0206175187954888,-0.0221656510074076
matrix,OW1,3.13296804920061,22.3711903143295,12.9718884794304,-0.0206175187954888,0.114770005240842,0.0290257634342129
matrix,OW1,-0.629793315827626,12.1403910472473,7.19704433346506,-0.0221656510074076,0.0290257634342129,0.0936290645374884
matrix,AH1,8732.63197416579,697.902515347693,5474.90037805757,8.40725316289023,-1.57878319671685,1.22116223708764
matrix,AH1,697.902515347693,26835.4958901568,10513.4080679927,5.40160468422195,-3.05062951179972,2.11508374646927
matrix,AH1,5474.90037805757,10513.4080679927,46222.5975258265,10.123045977436,-4.33652886237498,-0.169851798810996
matrix,AH1,8.40725316289023,5.40160468422195,10.123045977436,0.131002779307506,-0.0088701166624243,-0.00771080684580716
matrix,AH1,-1.57878319671685,-3.05062951179972,-4.33652886237498,-0.0088701166624243,0.0899922683978285,0.0163768643262995
matrix,AH1,1.22116223708764,2.11508374646927,-0.169851798810996,-0.00771080684580716,0.0163768643262995,0.0785947404257037
matrix,EH1,6754.15361359337,-324.993583091853,4344.32725878661,5.33957600591369,-0.683478881515154,-1.11336095426258
matrix,EH1,-324.993583091853,28955.731551401,12349.884597669,8.15968762311463,-5.72125244639693,4.12920232335526
matrix,EH1,4344.32725878661,12349.884597669,40138.1663799856,4.73421948251479,-6.29513549053711,1.44073143106005
matrix,EH1,5.33957600591369,8.15968762311463,4.73421948251479,0.134849192404844,-0.0267737589281606,-0.00644504616856594
matrix,EH1,-0.683478881515154,-5.72125244639693,-6.29513549053711,-0.0267737589281606,0.0943733755169628,0.0104134554570583
matrix,EH1,-1.11336095426258,4.12920232335526,1.44073143106005,-0.00644504616856594,0.0104134554570583,0.0718834691755175
matrix,OY1,2312.99236403846,5614.04818660256,2812.02346641026,1.67847157472287,7.89977415814031,3.39165866911525
matrix,OY1,5614.04818660256,87227.3312871154,69999.7139207692,-10.5991377084034,26.8345404306987,9.63354810128726
matrix,OY1,2812.02346641026,69999.7139207692,131176.717091282,0.945689518177037,14.6994078718253,20.5744532346204
matrix,OY1,1.67847157472287,-10.5991377084034,0.945689518177037,0.0844245513298693,-0.0211107162921967,0.00386320781522595
matrix,OY1,7.89977415814031,26.8345404306987,14.6994078718253,-0.0211107162921967,0.110200705378084,0.0252855499390517
matrix,OY1,3.39165866911525,9.63354810128726,20.5744532346204,0.00386320781522595,0.0252855499390517,0.0963231229922247
matrix,IY1,6793.0448436275,-3311.20177210508,-743.865411553936,10.6854494854695,3.89907731581736,0.956572188112863
matrix,IY1,-3311.20177210508,34745.3543045944,21575.4093950806,-9.34153291555565,-16.5838028090217,5.51604815325837
matrix,IY1,-743.865411553936,21575.4093950806,48138.7720798415,0.58356021871929,-16.4289360666399,12.1297692415417
matrix,IY1,10.6854494854695,-9.34153291555565,0.58356021871929,0.111814058477011,0.017983978084292,-0.00214210430444515
matrix,IY1,3.89907731581736,-16.5838028090217,-16.4289360666399,0.017983978084292,0.121611070519656,-0.00976390942229219
matrix,IY1,0.956572188112863,5.51604815325837,12.1297692415417,-0.00214210430444515,-0.00976390942229219,0.0827981671859433
matrix,IH1,5118.75949576125,-2154.97299481387,380.283722099645,6.00699461941669,1.06897091394717,0.524541335248795
matrix,IH1,-2154.97299481387,38938.4122807444,20754.1879627893,5.48370726903383,-8.26184800468436,8.93182666679144
matrix,IH1,380.283722099645,20754.1879627893,37785.3584658555,4.9261292026167,-6.41175201342456,9.17872784971028
matrix,IH1,6.00699461941669,5.48370726903383,4.9261292026167,0.118064735021921,-0.00271072468160297,-0.00320024296260722
matrix,IH1,1.06897091394717,-8.26184800468436,-6.41175201342456,-0.00271072468160297,0.118253371269581,0.0171267720039513
matrix,IH1,0.524541335248795,8.93182666679144,9.17872784971028,-0.00320024296260722,0.0171267720039513,0.0863224674255619
matrix,AY1,10045.9955874882,-2224.45474316388,7567.981928767,10.2770022189432,-2.65216543209272,2.01292234208473
matrix,AY1,-2224.45474316388,23430.8514745642,6203.79012729097,1.900061552072,-3.45088008620962,2.13220417325313
matrix,AY1,7567.981928767,6203.79012729097,50767.9670739282,9.25607596966501,-6.97012980028228,2.85625930262517
matrix,AY1,10.2770022189432,1.900061552072,9.25607596966501,0.126285324666054,-0.0144296525310951,-0.00768615981432998
matrix,AY1,-2.65216543209272,-3.45088008620962,-6.97012980028228,-0.0144296525310951,0.0796743474458866,0.0145039949863233
matrix,AY1,2.01292234208473,2.13220417325313,2.85625930262517,-0.00768615981432998,0.0145039949863233,0.0773251216962043
matrix,EY1,4370.61422059975,-1239.15301564997,870.343538587994,6.2654829994716,-0.711751781397483,-0.0607659574430098
matrix,EY1,-1239.15301564997,25387.9765857854,14570.0099815249,8.78263555202711,-3.57248983092674,1.8485534520823
matrix,EY1,870.343538587994,14570.0099815249,29708.3905874914,4.97069693439096,-9.47546802515546,4.19177382856508
matrix,EY1,6.2654829994716,8.78263555202711,4.97069693439096,0.114308926627049,-0.000100978141734874,-0.0102617449539404
matrix,EY1,-0.711751781397483,-3.57248983092674,-9.47546802515546,-0.000100978141734874,0.0917713926035811,0.00323828293672493
matrix,EY1,-0.0607659574430098,1.8485534520823,4.19177382856508,-0.0102617449539404,0.00323828293672493,0.0671902488424474
matrix,UH1,6506.86366606426,-6612.91475024129,8015.7282240721,9.0573560381472,2.74413601236698,0.385308441042047
matrix,UH1,-6612.91475024129,45960.7314818532,-10659.1138680431,1.74607174440025,3.52852133069627,13.7092725184114
matrix,UH1,8015.7282240721,-10659.1138680431,64911.1085044598,19.2404045108043,-6.83992809455409,-3.01437806865501
matrix,UH1,9.0573560381472,1.74607174440025,19.2404045108043,0.135634753516037,-0.0242629122620788,-0.0156711374969865
matrix,UH1,2.74413601236698,3.52852133069627,-6.83992809455409,-0.0242629122620788,0.102074019305234,0.0390869992065574
matrix,UH1,0.385308441042047,13.7092725184114,-3.01437806865501,-0.0156711374969865,0.0390869992065574,0.0893691991157575
matrix,ER1,4213.49489425694,536.46682720208,6363.29427833736,4.86975126498407,1.81630439525201,4.5721404436148
matrix,ER1,536.46682720208,16011.3490478789,9730.19630883615,1.0366890518146,-2.70718681861976,6.26829579816947
matrix,ER1,6363.29427833736,9730.19630883615,110685.716032553,-17.3066948992328,3.59446841362772,72.3042959689048
matrix,ER1,4.86975126498407,1.0366890518146,-17.3066948992328,0.129885447267343,-0.0236716843481154,-0.0226267572796557
matrix,ER1,1.81630439525201,-2.70718681861976,3.59446841362772,-0.0236716843481154,0.0747677088216919,0.0253345743798672
matrix,ER1,4.5721404436148,6.26829579816947,72.3042959689048,-0.0226267572796557,0.0253345743798672,0.143311982644862
matrix,AO1,10547.102918751,4750.4926156908,4387.83065454176,3.93397910873946,-3.68292249965855,-2.12217582489332
matrix,AO1,4750.4926156908,68947.7721214191,49120.4417141421,-30.8723652345504,28.0327119059693,28.1315079187588
matrix,AO1,4387.83065454176,49120.4417141421,114880.161650126,-14.3189190228595,0.688747546099477,24.0947158003087
matrix,AO1,3.93397910873946,-30.8723652345504,-14.3189190228595,0.123656563688837,-0.0195090907312586,-0.0271066543820616
matrix,AO1,-3.68292249965855,28.0327119059693,0.688747546099477,-0.0195090907312586,0.12700044120292,0.0281286631852681
matrix,AO1,-2.12217582489332,28.1315079187588,24.0947158003087,-0.0271066543820616,0.0281286631852681,0.0945321878391949
matrix,AW1,10883.7809569918,5611.33206048274,6168.9110084979,10.2634538530814,-3.00094974049924,5.53899057093433
matrix,AW1,5611.33206048274,30583.6448813205,14594.4782023146,16.5251627536021,-8.79100593773168,1.55916451130295
matrix,AW1,6168.9110084979,14594.4782023146,43809.435061354,8.30446543812286,-6.20015318527221,5.42056809195163
matrix,AW1,10.2634538530814,16.5251627536021,8.30446543812286,0.108892306297633,-0.00537068850491052,-0.00335543321626733
matrix,AW1,-3.00094974049924,-8.79100593773168,-6.20015318527221,-0.00537068850491052,0.0873113793964506,0.0165298360231885
matrix,AW1,5.53899057093433,1.55916451130295,5.42056809195163,-0.00335543321626733,0.0165298360231885,0.0832284408321292
