type,phone,F1_0.33,F2_0.33,F3_0.33,B1_0.33,B2_0.33,B3_0.33,A1A2diff_0.33,A2A3diff_0.33
means,AA1,675.510305702528,1226.27544973545,2556.80901822457,2.11266931216931,2.27055049970606,2.49257442680776,7.58074009406232,16.0408428571429
means,AE1,664.737618883529,1882.7861199173,2720.58694693315,2.08868862853205,2.31005182632667,2.51437205375603,10.8497321847002,6.26763955892488
means,AH1,619.030643297381,1413.60849768875,2735.43296224961,2.06012103235747,2.32921725731895,2.49303632511556,12.0782568567026,11.5417449152542
means,AO1,598.27344,1030.909864,2510.835648,2.05682608,2.26909464,2.51597688,8.38935328,20.11135224
means,AW1,729.492519596865,1649.07346024636,2645.24325867861,2.08451030235162,2.31861433370661,2.49845285554311,9.27800123180291,9.02978992161254
means,AY1,749.664046184739,1490.90409303882,2717.7391398929,2.18716522757697,2.31374554886212,2.51762058232932,7.98043149263722,11.8058372824632
means,EH1,559.199084821429,1925.26979017857,2760.38408928571,1.94891732142857,2.26676084821429,2.49413857142857,14.3999559375,5.80735522321429
means,ER1,546.948502024292,1280.79613360324,1835.0105465587,1.93813805668016,2.32557753036437,2.44348218623482,10.7495060728745,8.85750222672065
means,EY1,554.971148409894,2084.46213191991,2839.47574204947,1.90925901060071,2.30271431095406,2.50009116607774,15.2675266195524,3.73073992932862
means,IH1,481.512262996942,2109.51876911315,2850.92672400612,1.90809350152905,2.27379036697248,2.47418455657492,16.6896831422018,3.45804051987768
means,IY1,425.401992076967,2329.10555178268,2977.36696661007,1.92528121109225,2.33474499151104,2.51815263157895,18.6042386530843,1.77111143180532
means,OW1,584.935177788602,1389.90654651729,2598.97169508037,2.03901461276181,2.33352576716999,2.46385942523137,12.1701375547979,11.0104750608865
means,OY1,477.979,885.259,2414.677,1.90682666666667,2.37114,2.66103333333333,12.6036816666667,22.1691966666667
means,UH1,470.026838487972,1450.7483161512,2649.5916838488,1.79835910652921,2.27585567010309,2.47227903780069,18.1391900343643,9.79038934707904
means,UW1,425.51197945845,1745.94371615313,2600.12813258637,1.89012605042017,2.40874257703081,2.47090550887021,20.4243683473389,3.99252156862745
matrix,OW1,10900.9089012963,11330.632668085,13816.9221944353,8.05383784437931,1.71914565794102,3.66852792412758,-235.252863812479,-31.464740951217
matrix,OW1,11330.632668085,102319.491054783,37670.9127608275,-17.9679887989257,-4.57016402549258,7.05033099431038,512.05777643775,-1483.00611192048
matrix,OW1,13816.9221944353,37670.9127608275,122590.081189328,-9.60182814222827,-17.9858767815155,10.6027999981482,64.4623436000533,417.197912018903
matrix,OW1,8.05383784437931,-17.9679887989257,-9.60182814222827,0.102380680527104,-0.000322078792892347,0.00902755290801319,-1.67358366720597,0.275017722796381
matrix,OW1,1.71914565794102,-4.57016402549258,-17.9858767815155,-0.000322078792892347,0.0769558658610705,-0.000248732647950653,0.927197172077657,-1.04901779918164
matrix,OW1,3.66852792412758,7.05033099431038,10.6027999981482,0.00902755290801319,-0.000248732647950653,0.0867463550049326,0.0656874748188668,1.31715849589307
matrix,OW1,-235.252863812479,512.05777643775,64.4623436000533,-1.67358366720597,0.927197172077657,0.0656874748188668,60.8291630042858,-23.2131975431565
matrix,OW1,-31.464740951217,-1483.00611192048,417.197912018903,0.275017722796381,-1.04901779918164,1.31715849589307,-23.2131975431565,83.7010674336175
matrix,AA1,11674.1281606124,12051.0451557448,21220.6125375944,3.08959637879863,0.908314603376561,2.14649576429298,-125.286462161676,-8.5936043954622
matrix,AA1,12051.0451557448,66364.7767277535,30176.0174276477,-3.43238213971989,7.17277324698102,1.41747080650794,268.583491259017,-1323.7943188684
matrix,AA1,21220.6125375944,30176.0174276477,171846.035824036,0.158276031618425,-21.7597314833326,2.69331317193692,-124.86602167179,739.477546135042
matrix,AA1,3.08959637879863,-3.43238213971989,0.158276031618425,0.0832151862929972,-0.00717174836112667,0.00224385650887022,-1.10068664291594,0.22512496627479
matrix,AA1,0.908314603376561,7.17277324698102,-21.7597314833326,-0.00717174836112667,0.0690695180541619,-0.00188294107250752,0.892934247344659,-1.28700588638319
matrix,AA1,2.14649576429298,1.41747080650794,2.69331317193692,0.00224385650887022,-0.00188294107250752,0.079158950810333,0.072037131337701,1.27091041247899
matrix,AA1,-125.286462161676,268.583491259017,-124.86602167179,-1.10068664291594,0.892934247344659,0.072037131337701,38.989006509568,-21.0398490058252
matrix,AA1,-8.5936043954622,-1323.7943188684,739.477546135042,0.22512496627479,-1.28700588638319,1.27091041247899,-21.0398490058252,90.4782188244151
matrix,AO1,19289.485894482,27242.6413412208,18569.0556302751,5.4346202448807,1.96210529307286,-2.82663982832986,-136.049701965656,-459.901149051747
matrix,AO1,27242.6413412208,68271.5482171953,16816.9328280706,2.78852239666421,12.325278962441,-0.999461401865812,237.920811710214,-1651.79827081195
matrix,AO1,18569.0556302751,16816.9328280706,150918.591386169,-0.491706572557888,-38.8071104901188,-14.1919298276804,-526.049201621423,884.786704259556
matrix,AO1,5.4346202448807,2.78852239666421,-0.491706572557888,0.0919976244914267,-0.0104652073781137,0.010696420299209,-1.24093514692308,0.328153673280205
matrix,AO1,1.96210529307286,12.325278962441,-38.8071104901188,-0.0104652073781137,0.0782634916205669,0.0109883185709335,0.949070968300221,-1.42606438004003
matrix,AO1,-2.82663982832986,-0.999461401865812,-14.1919298276804,0.010696420299209,0.0109883185709335,0.0752712894650376,0.136616279311283,1.07504813416312
matrix,AO1,-136.049701965656,237.920811710214,-526.049201621423,-1.24093514692308,0.949070968300221,0.136616279311283,39.317749944749,-24.6731338294709
matrix,AO1,-459.901149051747,-1651.79827081195,884.786704259556,0.328153673280205,-1.42606438004003,1.07504813416312,-24.6731338294709,103.953295496028
matrix,AE1,15031.148910047,-365.419024236943,9795.75374732965,0.73430229280357,2.96717257122369,2.08730439775645,-150.689901010205,145.247399784678
matrix,AE1,-365.419024236943,139403.712899383,115004.154930273,12.8480200296302,-8.44446856168065,10.7325650845658,144.014135223854,-832.819105785442
matrix,AE1,9795.75374732965,115004.154930273,174602.23223728,5.69181858678001,-7.28540766763831,12.7403719246454,702.178338381302,-272.098964048434
matrix,AE1,0.73430229280357,12.8480200296302,5.69181858678001,0.108925651156409,0.0133527992072626,0.00730752395993587,-1.06223122215715,-0.10909550543418
matrix,AE1,2.96717257122369,-8.44446856168065,-7.28540766763831,0.0133527992072626,0.081804212135581,-0.00834055612440017,1.04895316003082,-1.0075210473801
matrix,AE1,2.08730439775645,10.7325650845658,12.7403719246454,0.00730752395993587,-0.00834055612440017,0.0644995072814752,-0.0186554768217238,0.992436796476466
matrix,AE1,-150.689901010205,144.014135223854,702.178338381302,-1.06223122215715,1.04895316003082,-0.0186554768217238,67.6908199891258,-14.1658957576749
matrix,AE1,145.247399784678,-832.819105785442,-272.098964048434,-0.10909550543418,-1.0075210473801,0.992436796476466,-14.1658957576749,48.0467478353115
matrix,AY1,17253.5741466962,12090.9769953851,12731.1194829591,5.79337533659143,0.0629352297670763,3.44603511053219,-268.893581343403,14.5765384138785
matrix,AY1,12090.9769953851,67996.9483718922,17558.7227318109,8.9536722752818,2.14366209438816,5.62247424582461,9.47015096245232,-1093.10644613524
matrix,AY1,12731.1194829591,17558.7227318109,154450.917872477,-3.34815919463178,-23.7953160086841,-3.79987376334229,-46.9979237469247,766.006258228261
matrix,AY1,5.79337533659143,8.9536722752818,-3.34815919463178,0.0886045934372766,-0.00348910525191604,0.0140369232870787,-1.15742417084296,-0.0462732805176941
matrix,AY1,0.0629352297670763,2.14366209438816,-23.7953160086841,-0.00348910525191604,0.0719521766624707,-0.0102369472417995,1.0518116840187,-1.32795245288053
matrix,AY1,3.44603511053219,5.62247424582461,-3.79987376334229,0.0140369232870787,-0.0102369472417995,0.0687118213070595,-0.302633938991228,1.18352051507102
matrix,AY1,-268.893581343403,9.47015096245232,-46.9979237469247,-1.15742417084296,1.0518116840187,-0.302633938991228,50.7137069373775,-19.2823411457544
matrix,AY1,14.5765384138785,-1093.10644613524,766.006258228261,-0.0462732805176941,-1.32795245288053,1.18352051507102,-19.2823411457544,78.571874891097
matrix,AH1,10429.5310524184,4812.46922216141,16991.8697370917,6.14539098877686,-1.25664644039296,2.06792796429174,-216.272552147958,156.21515068439
matrix,AH1,4812.46922216141,63790.877960748,16580.3173831417,-15.3738464589494,-2.58929278254199,6.8332090303152,449.676827873889,-907.514544608413
matrix,AH1,16991.8697370917,16580.3173831417,165263.999688139,12.4992888528945,-17.1448363012365,-4.33593969647019,-130.236065476003,698.742728753218
matrix,AH1,6.14539098877686,-15.3738464589494,12.4992888528945,0.102861109754001,-0.00141029142283222,0.0134724245805968,-1.49019219434851,0.530403323243787
matrix,AH1,-1.25664644039296,-2.58929278254199,-17.1448363012365,-0.00141029142283222,0.0724494119641126,-0.00184398387952415,0.895964955685094,-1.01693465328794
matrix,AH1,2.06792796429174,6.8332090303152,-4.33593969647019,0.0134724245805968,-0.00184398387952415,0.0817607844025209,-0.0720090315959873,1.29649294459903
matrix,AH1,-216.272552147958,449.676827873889,-130.236065476003,-1.49019219434851,0.895964955685094,-0.0720090315959873,53.7368616759183,-24.7749602615875
matrix,AH1,156.21515068439,-907.514544608413,698.742728753218,0.530403323243787,-1.01693465328794,1.29649294459903,-24.7749602615875,71.7822385765021
matrix,EH1,8495.13530997047,-1938.88215070573,6713.42899226576,3.83284701898568,2.19155571270158,0.903831550724176,-134.511644390499,105.1397577674
matrix,EH1,-1938.88215070573,147618.111720233,106195.323429175,11.3431959911304,-6.60646815605241,8.64715464766797,165.292583235503,-946.828669264424
matrix,EH1,6713.42899226576,106195.323429175,178488.121417482,6.4470708237319,-7.27445982821332,14.5747424420213,763.951933094512,-107.58438227952
matrix,EH1,3.83284701898568,11.3431959911304,6.4470708237319,0.0914550809682575,0.00316547258110285,0.000865837303898423,-1.04909440585099,-0.0746467755170436
matrix,EH1,2.19155571270158,-6.60646815605241,-7.27445982821332,0.00316547258110285,0.0851666419099546,-0.00794048164237861,1.18085857885472,-1.06509582403614
matrix,EH1,0.903831550724176,8.64715464766797,14.5747424420213,0.000865837303898423,-0.00794048164237861,0.0728954316692401,0.220362495626172,1.14416906167428
matrix,EH1,-134.511644390499,165.292583235503,763.951933094512,-1.04909440585099,1.18085857885472,0.220362495626172,76.8259405014386,-13.5167774793343
matrix,EH1,105.1397577674,-946.828669264424,-107.58438227952,-0.0746467755170436,-1.06509582403614,1.14416906167428,-13.5167774793343,50.6163877805891
matrix,IH1,6463.60749904515,221.60195119956,7864.1575032099,7.55884115237895,3.64114787955163,0.988704870143433,-171.052080922831,45.1503026291099
matrix,IH1,221.60195119956,163650.348748159,122164.318748241,5.69850862029634,1.37166996442893,11.8026090352857,-257.882318928597,-746.311248196759
matrix,IH1,7864.1575032099,122164.318748241,160055.607144943,9.58238103185778,6.38446314242637,12.7148350534034,217.681803910336,-356.77571373451
matrix,IH1,7.55884115237895,5.69850862029634,9.58238103185778,0.112592307039972,0.0131414235970319,0.00200851372751885,-1.58740591014401,-0.105923235522433
matrix,IH1,3.64114787955163,1.37166996442893,6.38446314242637,0.0131414235970319,0.0893035783851808,-0.00727128481039171,1.21947955074386,-1.07474424031315
matrix,IH1,0.988704870143433,11.8026090352857,12.7148350534034,0.00200851372751885,-0.00727128481039171,0.07362323011705,0.125832087938411,1.1057202290849
matrix,IH1,-171.052080922831,-257.882318928597,217.681803910336,-1.58740591014401,1.21947955074386,0.125832087938411,85.0183347183199,-12.7919944211599
matrix,IH1,45.1503026291099,-746.311248196759,-356.77571373451,-0.105923235522433,-1.07474424031315,1.1057202290849,-12.7919944211599,43.7762925029388
matrix,UW1,5190.76096486313,943.437436188557,8464.26401369992,2.68899739137674,0.819285838071677,0.949076035814201,-144.962494234483,66.9492732114715
matrix,UW1,943.437436188557,181839.620368046,75771.0828245162,-23.0068569838137,-17.6699618265949,3.06316120754644,440.000598515867,-1763.63335648397
matrix,UW1,8464.26401369992,75771.0828245162,122728.339586229,-11.3891002008403,-4.26352633350087,16.7106379682409,564.82247155392,29.2481244730254
matrix,UW1,2.68899739137674,-23.0068569838137,-11.3891002008403,0.115161733610461,-0.00115561455878426,0.00460591237037619,-1.8382124425485,0.274052248306762
matrix,UW1,0.819285838071677,-17.6699618265949,-4.26352633350087,-0.00115561455878426,0.0892930819985863,-0.00482690788897615,1.38816517339566,-1.08094907626498
matrix,UW1,0.949076035814201,3.06316120754644,16.7106379682409,0.00460591237037619,-0.00482690788897615,0.081190132016353,0.332954604632477,1.18398116672219
matrix,UW1,-144.962494234483,440.000598515867,564.82247155392,-1.8382124425485,1.38816517339566,0.332954604632477,86.8603835033056,-24.1148034009335
matrix,UW1,66.9492732114715,-1763.63335648397,29.2481244730254,0.274052248306762,-1.08094907626498,1.18398116672219,-24.1148034009335,71.061960762497
matrix,IY1,5483.65396533856,3886.97601832261,4399.36667971548,4.88562481717834,1.84997220647219,-0.339124803093521,-178.238471397542,0.18717510065688
matrix,IY1,3886.97601832261,132083.660086884,123978.842985706,3.48542045374812,-0.320989049471529,13.8970800207725,-48.9512462203775,-170.471712174488
matrix,IY1,4399.36667971548,123978.842985706,179521.42759102,1.82871866267919,1.82433450914751,24.1960060985874,811.256829530114,24.937149731186
matrix,IY1,4.88562481717834,3.48542045374812,1.82871866267919,0.101360317449722,0.00891055175182229,-0.00279210472402694,-1.41730053729712,-0.131954598250546
matrix,IY1,1.84997220647219,-0.320989049471529,1.82433450914751,0.00891055175182229,0.0976608420799405,-0.00610541914168207,1.59260813856573,-1.13731652864033
matrix,IY1,-0.339124803093521,13.8970800207725,24.1960060985874,-0.00279210472402694,-0.00610541914168207,0.0596052038195148,0.379621996882935,0.855408957082017
matrix,IY1,-178.238471397542,-48.9512462203775,811.256829530114,-1.41730053729712,1.59260813856573,0.379621996882935,96.1770084474236,-14.2797629795418
matrix,IY1,0.18717510065688,-170.471712174488,24.937149731186,-0.131954598250546,-1.13731652864033,0.855408957082017,-14.2797629795418,34.3674863612509
matrix,EY1,8650.30789926965,6020.01559684311,11785.3382166783,6.37920480372972,3.21312742727969,1.62568081981506,-144.171559272191,19.5218714284843
matrix,EY1,6020.01559684311,120849.040383902,93944.8824403735,4.6030211210263,23.0523279930432,4.56108457570937,-91.6430625464719,-796.351245056891
matrix,EY1,11785.3382166783,93944.8824403735,134853.234810085,7.90018720898447,15.8189056025151,7.74688355635283,324.181055352068,-268.270438584155
matrix,EY1,6.37920480372972,4.6030211210263,7.90018720898447,0.0991038695033222,-0.000108192159079316,0.00485336582507897,-1.25632309252639,0.0511553541420633
matrix,EY1,3.21312742727969,23.0523279930432,15.8189056025151,-0.000108192159079316,0.0878477750396251,-0.0145617589129851,1.34612274832242,-1.35712974072498
matrix,EY1,1.62568081981506,4.56108457570937,7.74688355635283,0.00485336582507897,-0.0145617589129851,0.0678316626561527,0.00738888665250042,1.1628403105474
matrix,EY1,-144.171559272191,-91.6430625464719,324.181055352068,-1.25632309252639,1.34612274832242,0.00738888665250042,85.8918719392203,-14.0920353289304
matrix,EY1,19.5218714284843,-796.351245056891,-268.270438584155,0.0511553541420633,-1.35712974072498,1.1628403105474,-14.0920353289304,47.6470383016811
matrix,AW1,15523.6570798553,3464.87780528525,18410.3025971614,6.48237141908039,3.63946558492058,6.21123959425452,-130.999049743017,225.188112952552
matrix,AW1,3464.87780528525,79467.774206511,47228.1790055277,13.9567769407688,1.88410005236418,5.15125835950266,134.729938705374,-1110.05747643594
matrix,AW1,18410.3025971614,47228.1790055277,138184.393231634,14.5008733565248,-0.262220038913774,10.8047843825004,385.613054007192,219.536959857991
matrix,AW1,6.48237141908039,13.9567769407688,14.5008733565248,0.0922508144901551,-0.000387521381020294,-0.000513250208823989,-1.1541249943849,-0.22258834676825
matrix,AW1,3.63946558492058,1.88410005236418,-0.262220038913774,-0.000387521381020294,0.0574579484714446,-0.00744540741765802,0.810220829085463,-0.886021912355377
matrix,AW1,6.21123959425452,5.15125835950266,10.8047843825004,-0.000513250208823989,-0.00744540741765802,0.0612938180551775,0.033284880428093,1.16947226285392
matrix,AW1,-130.999049743017,134.729938705374,385.613054007192,-1.1541249943849,0.810220829085463,0.033284880428093,49.194282440077,-10.6313510268149
matrix,AW1,225.188112952552,-1110.05747643594,219.536959857991,-0.22258834676825,-0.886021912355377,1.16947226285392,-10.6313510268149,68.521425500414
matrix,ER1,6050.81311702129,5747.97096559608,6191.6185452423,0.603997014527268,-0.0478978856542193,1.37523863654729,-55.7219826237446,20.9402843522267
matrix,ER1,5747.97096559608,62828.4062785298,47446.3114522189,-15.1734083454599,-9.07944291463895,15.9492893285511,432.731491070181,-476.66185262829
matrix,ER1,6191.6185452423,47446.3114522189,73915.8393370232,-1.13607180380386,-13.8391776286677,9.70099387182498,394.270772148804,56.5334091813363
matrix,ER1,0.603997014527268,-15.1734083454599,-1.13607180380386,0.0948044244311043,0.0140912148325135,-0.0260667086310369,-1.12463623850744,-0.152690778401343
matrix,ER1,-0.0478978856542193,-9.07944291463895,-13.8391776286677,0.0140912148325135,0.0944217197172151,-0.0190106871759286,0.877722206201641,-1.2254827288951
matrix,ER1,1.37523863654729,15.9492893285511,9.70099387182498,-0.0260667086310369,-0.0190106871759286,0.106536916477158,0.46639987883051,1.08764019793021
matrix,ER1,-55.7219826237446,432.731491070181,394.270772148804,-1.12463623850744,0.877722206201641,0.46639987883051,51.6838309814235,-12.4094271982083
matrix,ER1,20.9402843522267,-476.66185262829,56.5334091813363,-0.152690778401343,-1.2254827288951,1.08764019793021,-12.4094271982083,45.33890838821
matrix,OY1,4338.75556847458,11040.8662447458,-5668.97950644068,1.18977865423729,10.0860763118644,2.86404411864407,66.6952087610169,-344.355552410169
matrix,OY1,11040.8662447458,63074.7890159322,-14995.9332369492,-3.67629690508475,44.3763095152542,2.92247966101695,1027.24388167627,-2255.71585539322
matrix,OY1,-5668.97950644068,-14995.9332369492,59109.9104688136,-2.06759652881356,-41.6842390305085,-14.3677698644068,-391.913906886441,1026.30243065085
matrix,OY1,1.18977865423729,-3.67629690508475,-2.06759652881356,0.0765654745310735,-0.0248130783728814,0.00273008282485876,-1.34524292984181,0.752898379412429
matrix,OY1,10.0860763118644,44.3763095152542,-41.6842390305085,-0.0248130783728814,0.107375577694915,0.00333583661016949,1.68939410294915,-2.63376876833898
matrix,OY1,2.86404411864407,2.92247966101695,-14.3677698644068,0.00273008282485876,0.00333583661016949,0.0285311839548023,-0.0438374802259887,0.0870869201129943
matrix,OY1,66.6952087610169,1027.24388167627,-391.913906886441,-1.34524292984181,1.68939410294915,-0.0438374802259887,57.9748766093192,-57.4678511381977
matrix,OY1,-344.355552410169,-2255.71585539322,1026.30243065085,0.752898379412429,-2.63376876833898,0.0870869201129943,-57.4678511381977,119.732069342701
matrix,UH1,3742.25618928072,-1233.869467066,10938.4823181005,2.32604308751037,0.967024890401707,0.496031167981989,-104.690836335063,72.1034257144804
matrix,UH1,-1233.869467066,110967.345338189,-11249.9636178445,-17.5178680139235,12.211027452684,-0.657822583694753,931.8391705073,-2205.40458463524
matrix,UH1,10938.4823181005,-11249.9636178445,123344.829958879,-6.25241838952482,-13.8689515492357,-9.05758336113284,19.8999778340799,757.837215052483
matrix,UH1,2.32604308751037,-17.5178680139235,-6.25241838952482,0.0735759618047162,-0.00216608861215784,0.0151774345191373,-1.31598787789169,0.460513593218035
matrix,UH1,0.967024890401707,12.211027452684,-13.8689515492357,-0.00216608861215784,0.0824085935108425,0.004235166860647,1.08430979303946,-1.12550957150835
matrix,UH1,0.496031167981989,-0.657822583694753,-9.05758336113284,0.0151774345191373,0.004235166860647,0.092020422559071,-0.0660456113820357,1.17140614915523
matrix,UH1,-104.690836335063,931.8391705073,19.8999778340799,-1.31598787789169,1.08430979303946,-0.0660456113820357,68.5253127253141,-31.2664957065548
matrix,UH1,72.1034257144804,-2205.40458463524,757.837215052483,0.460513593218035,-1.12550957150835,1.17140614915523,-31.2664957065548,90.3942530758516
