type,phone,F1_0.33,F2_0.33,F3_0.33,B1_0.33,B2_0.33,B3_0.33,A1A2diff_0.33,A2A3diff_0.33
means,AA1,707.916645476645,1272.25788489788,2536.67118534119,2.13474017394017,2.25680354640355,2.52117038857039,7.24463783263783,17.4981917449917
means,AE1,686.980004806405,1841.13287994938,2714.2270030542,2.06676802767029,2.28596079920177,2.51670013871651,11.6513267278723,8.38499939354116
means,AH1,645.687427114518,1406.72361433648,2637.96606334462,2.08605303083294,2.29824911166447,2.52298022998797,11.0328709182731,14.0523764419015
means,AO1,541.965283413394,990.62617330696,2455.66355505322,2.05683051332768,2.25527315060752,2.54663941226335,9.50344126401055,22.364387273241
means,AW1,723.852224283521,1610.73298255715,2609.71833845104,2.1201079388434,2.28332395513477,2.53680351415899,9.5022585017912,11.5174561583077
means,AY1,733.810392995506,1533.05540461801,2609.29212422129,2.13384370990237,2.28023774120564,2.53549637563924,9.44080373965597,12.3567570785061
means,EH1,620.831698719751,1812.90200650434,2661.10503083469,1.98514578623779,2.26901467412697,2.49994508519372,13.2014265290821,8.23746526082963
means,ER1,546.091546612896,1350.10011197392,1843.46163284568,1.95353488781158,2.32717957870351,2.37963393538976,10.7618499377923,6.97800314470805
means,EY1,533.897157066924,2071.52482308083,2759.74433744677,1.95083241946681,2.29168887921834,2.48845771243252,15.795094062976,4.73626845709904
means,IH1,490.519976047768,2006.43280933569,2757.7947496935,1.95384942333015,2.29412771420787,2.47016003042274,17.4197838929755,4.98027453571266
means,IY1,420.035035821367,2265.74506938088,2840.72405375835,1.99264400399769,2.35009780968913,2.49800150860028,19.8586881973594,2.85431573615275
means,OW1,600.688376467165,1308.55205257542,2594.95654971384,2.07428765447667,2.28317145988942,2.51288567174314,11.3696609739063,15.4308093352411
means,OY1,513.731925093633,1041.70001498127,2529.58034831461,2.01397456928839,2.22881546816479,2.53329865168539,11.7420662921348,20.1820193632959
means,UH1,494.15679717778,1357.96496472225,2521.98511278943,1.88612071946736,2.25544473814966,2.43647002881844,16.0047959952301,12.3267689058929
means,UW1,420.088502515091,1510.74764386318,2502.64998725687,1.96530786720322,2.44468217974514,2.51064296109993,20.4275273993964,7.90686895875251
matrix,AA1,19209.6842082993,16729.9281191339,23013.9577622483,3.59179304633893,2.65139679166056,2.17726395791928,-196.199572246492,-35.2587670471013
matrix,AA1,16729.9281191339,57032.7837075697,35185.6065092828,-6.61696500146512,6.69563584502483,5.17933802727725,277.54013166343,-885.833527180431
matrix,AA1,23013.9577622483,35185.6065092828,171981.523373947,4.8187480130644,-19.2290113445485,9.86000735214854,-56.6264614304436,964.591191430614
matrix,AA1,3.59179304633893,-6.61696500146512,4.8187480130644,0.0854956507521967,-0.00219059572644303,0.00965722745454098,-1.0491456671746,0.236140165928999
matrix,AA1,2.65139679166056,6.69563584502483,-19.2290113445485,-0.00219059572644303,0.0614482720877323,0.00251310632716255,0.705796876550392,-1.05080678828499
matrix,AA1,2.17726395791928,5.17933802727725,9.86000735214854,0.00965722745454098,0.00251310632716255,0.0645997721800146,0.0908092244469096,1.04361303766213
matrix,AA1,-196.199572246492,277.54013166343,-56.6264614304436,-1.0491456671746,0.705796876550392,0.0908092244469096,35.9311690243387,-16.4727056807827
matrix,AA1,-35.2587670471013,-885.833527180431,964.591191430614,0.236140165928999,-1.05080678828499,1.04361303766213,-16.4727056807827,70.2455110531052
matrix,UW1,5492.59798187695,2292.38460810331,5915.0056802321,3.08431524563826,-2.5073345280861,0.211043971308302,-220.091533609919,85.4014977336928
matrix,UW1,2292.38460810331,157365.517672102,51028.4669053859,-15.4832039380355,8.38726146742732,-4.41494812005745,986.754240885933,-2265.74895021736
matrix,UW1,5915.0056802321,51028.4669053859,82842.8575966698,-9.3907310679257,-4.08527732254973,6.93767506973038,413.463374951153,-8.25138617442599
matrix,UW1,3.08431524563826,-15.4832039380355,-9.3907310679257,0.0955467576982966,-0.000247395558254438,0.00534612265585694,-1.52756568381622,0.226469268760116
matrix,UW1,-2.5073345280861,8.38726146742732,-4.08527732254973,-0.000247395558254438,0.0828357890293371,0.00295806482954203,1.35145071102265,-1.29739083280237
matrix,UW1,0.211043971308302,-4.41494812005745,6.93767506973038,0.00534612265585694,0.00295806482954203,0.0564588611432967,0.139386471956057,0.890402008657655
matrix,UW1,-220.091533609919,986.754240885933,413.463374951153,-1.52756568381622,1.35145071102265,0.139386471956057,72.7184051857019,-34.8685024062309
matrix,UW1,85.4014977336928,-2265.74895021736,-8.25138617442599,0.226469268760116,-1.29739083280237,0.890402008657655,-34.8685024062309,78.4424070814417
matrix,AW1,14992.9825026908,8330.66523425076,12415.4076885108,7.01372747847104,2.54065371391918,3.02964476083672,-221.736819425852,47.2030719777829
matrix,AW1,8330.66523425076,88973.8368349788,46772.8573310524,-2.53770493398883,0.252377502386082,3.62546880030866,294.660770238285,-968.573174110734
matrix,AW1,12415.4076885108,46772.8573310524,101576.805029695,6.47426481843682,-2.97694374111133,3.478273829445,176.34249593962,77.5832111915525
matrix,AW1,7.01372747847104,-2.53770493398883,6.47426481843682,0.0905223969697061,0.000656994284710595,0.00820579957099219,-1.13292481705342,0.128024929346674
matrix,AW1,2.54065371391918,0.252377502386082,-2.97694374111133,0.000656994284710595,0.058422857706553,-0.000952787769651481,0.714137090691312,-0.74187657075676
matrix,AW1,3.02964476083672,3.62546880030866,3.478273829445,0.00820579957099219,-0.000952787769651481,0.0573618044051789,0.0657182220193817,0.901017077428406
matrix,AW1,-221.736819425852,294.660770238285,176.34249593962,-1.13292481705342,0.714137090691312,0.0657182220193817,45.1047819480983,-12.909342723234
matrix,AW1,47.2030719777829,-968.573174110734,77.5832111915525,0.128024929346674,-0.74187657075676,0.901017077428406,-12.909342723234,48.6326317004709
matrix,IY1,6704.39331622502,6501.93898888199,7740.66855974548,7.37924634396413,0.881938579685842,0.700167755106184,-246.871365169823,20.6300070960445
matrix,IY1,6501.93898888199,98186.6219728525,88739.0299255267,12.2313100692322,-5.20977525552375,18.5625889173002,-119.356887669206,103.935196846637
matrix,IY1,7740.66855974548,88739.0299255267,133838.645397379,14.8860909501014,-5.47142079928259,28.4549529829643,418.569625502945,371.198007839737
matrix,IY1,7.37924634396413,12.2313100692322,14.8860909501014,0.0892524252902569,0.0050194329896862,0.00183927221421325,-1.32160503495478,-0.0305172126558712
matrix,IY1,0.881938579685842,-5.20977525552375,-5.47142079928259,0.0050194329896862,0.079648770450733,-0.0171844770898217,1.22620608721245,-1.05899581845208
matrix,IY1,0.700167755106184,18.5625889173002,28.4549529829643,0.00183927221421325,-0.0171844770898217,0.0585431022983111,0.164883105301434,0.898182979346618
matrix,IY1,-246.871365169823,-119.356887669206,418.569625502945,-1.32160503495478,1.22620608721245,0.164883105301434,85.2450262403717,-11.6417326944326
matrix,IY1,20.6300070960445,103.935196846637,371.198007839737,-0.0305172126558712,-1.05899581845208,0.898182979346618,-11.6417326944326,30.3377174095691
matrix,AE1,18739.9069093707,-1013.75347822244,8554.13850792799,6.27968567669888,2.30029941613969,3.70352266264239,-323.662250348997,185.586440706797
matrix,AE1,-1013.75347822244,72012.1944347508,50852.3614008733,5.4547818670286,4.96667577937912,4.06099046624445,257.18495994208,-555.197106736371
matrix,AE1,8554.13850792799,50852.3614008733,96176.5146719349,9.65552539388883,2.94676562579826,4.49155877006583,263.671930850197,1.05544773963036
matrix,AE1,6.27968567669888,5.4547818670286,9.65552539388883,0.0924338071243054,0.00841899116307128,0.00692768501523438,-0.965096360764298,-0.0687691671663635
matrix,AE1,2.30029941613969,4.96667577937912,2.94676562579826,0.00841899116307128,0.0628936618810889,-0.00141205545132555,0.846937827040228,-0.84379079379876
matrix,AE1,3.70352266264239,4.06099046624445,4.49155877006583,0.00692768501523438,-0.00141205545132555,0.0516307392714713,0.0941042087175374,0.811632830300833
matrix,AE1,-323.662250348997,257.18495994208,263.671930850197,-0.965096360764298,0.846937827040228,0.0941042087175374,54.3812807210841,-12.589736573558
matrix,AE1,185.586440706797,-555.197106736371,1.05544773963036,-0.0687691671663635,-0.84379079379876,0.811632830300833,-12.589736573558,38.6709643099217
matrix,EH1,12140.2735838797,1777.42213447914,9368.7393724356,5.63410282284642,1.20534810505745,2.18570021528542,-254.187289145462,105.70983929527
matrix,EH1,1777.42213447914,77086.3965314463,55002.2827666499,1.88353121261727,4.17385570369754,6.09146673465712,281.48016818716,-556.308420524764
matrix,EH1,9368.7393724356,55002.2827666499,116259.680660982,5.13248436390773,0.603887480352982,6.76555236491344,425.962709984664,110.951928653508
matrix,EH1,5.63410282284642,1.88353121261727,5.13248436390773,0.0884504915027648,0.00564981754494023,0.00435611782726134,-1.06708842316918,-0.0385456217600188
matrix,EH1,1.20534810505745,4.17385570369754,0.603887480352982,0.00564981754494023,0.0650082498219699,-0.00231816688416626,0.904183464946375,-0.859649843915938
matrix,EH1,2.18570021528542,6.09146673465712,6.76555236491344,0.00435611782726134,-0.00231816688416626,0.0543128407781632,0.17049266374061,0.816611504735679
matrix,EH1,-254.187289145462,281.48016818716,425.962709984664,-1.06708842316918,0.904183464946375,0.17049266374061,58.5144631053972,-10.8767054754986
matrix,EH1,105.70983929527,-556.308420524764,110.951928653508,-0.0385456217600188,-0.859649843915938,0.816611504735679,-10.8767054754986,38.554820804841
matrix,AH1,15919.0078065955,4186.12061778825,17300.7272989947,7.86673630995664,-0.589367329905335,2.04969426022115,-371.594059859434,209.75652369478
matrix,AH1,4186.12061778825,51029.6724242217,26377.3648423435,-9.85537707029156,0.849029854829716,1.41721535686549,415.12611252392,-724.432256400048
matrix,AH1,17300.7272989947,26377.3648423435,134806.458472001,7.31577704156847,-11.4460675078654,3.13491073491349,-64.918116629893,659.266291118392
matrix,AH1,7.86673630995664,-9.85537707029156,7.31577704156847,0.100150996401843,0.00520079038107703,0.015277886140864,-1.28912725942362,0.314579272467126
matrix,AH1,-0.589367329905335,0.849029854829716,-11.4460675078654,0.00520079038107703,0.0703699208943376,0.00472808937633659,0.839993871184311,-0.985560101689233
matrix,AH1,2.04969426022115,1.41721535686549,3.13491073491349,0.015277886140864,0.00472808937633659,0.0659745483610587,0.0320585001846031,1.04503722739609
matrix,AH1,-371.594059859434,415.12611252392,-64.918116629893,-1.28912725942362,0.839993871184311,0.0320585001846031,50.6547326784654,-22.6278242829739
matrix,AH1,209.75652369478,-724.432256400048,659.266291118392,0.314579272467126,-0.985560101689233,1.04503722739609,-22.6278242829739,61.106100180061
matrix,IH1,7097.74311747681,3234.07130964148,7661.29986013806,5.13085450750114,-0.0713980771988401,0.779537159183846,-228.811420506578,58.7757743507994
matrix,IH1,3234.07130964148,75018.3148179218,56639.5242392951,4.82347223491292,4.36644042964988,9.98274869038461,24.1594775413512,-271.523275277317
matrix,IH1,7661.29986013806,56639.5242392951,98453.8435314865,5.49379198122151,0.379328239537504,8.71311915739032,288.470155494186,105.197136385698
matrix,IH1,5.13085450750114,4.82347223491292,5.49379198122151,0.102430405390797,0.0116559358467707,0.00746547926938672,-1.26920924506457,-0.0856603807863866
matrix,IH1,-0.0713980771988401,4.36644042964988,0.379328239537504,0.0116559358467707,0.0740946797902003,0.000489923057539657,1.05524526954506,-0.901272985747369
matrix,IH1,0.779537159183846,9.98274869038461,8.71311915739032,0.00746547926938672,0.000489923057539657,0.0563643452378463,0.199046334543792,0.737310089886824
matrix,IH1,-228.811420506578,24.1594775413512,288.470155494186,-1.26920924506457,1.05524526954506,0.199046334543792,66.8499733140575,-10.4878491787754
matrix,IH1,58.7757743507994,-271.523275277317,105.197136385698,-0.0856603807863866,-0.901272985747369,0.737310089886824,-10.4878491787754,32.2006832631728
matrix,AO1,13650.170242741,14529.8009211019,13831.6911606362,3.55088505496811,1.33924111495835,-1.14539053347445,-176.746844884076,-153.562403846122
matrix,AO1,14529.8009211019,42661.7650870553,13429.1199186511,-3.98207853467189,12.4741895793801,-2.01422645636713,368.932578831406,-1093.24343659832
matrix,AO1,13831.6911606362,13429.1199186511,126966.098771594,-3.22949762712823,-28.2252387410139,-3.33607642641629,-250.935067896586,894.089968286504
matrix,AO1,3.55088505496811,-3.98207853467189,-3.22949762712823,0.0857803163091423,-0.00682442326462501,0.00688523841364659,-1.17848025526184,0.290446889656296
matrix,AO1,1.33924111495835,12.4741895793801,-28.2252387410139,-0.00682442326462501,0.0833395353240442,0.00636940917629227,0.99305858332932,-1.49607751881074
matrix,AO1,-1.14539053347445,-2.01422645636713,-3.33607642641629,0.00688523841364659,0.00636940917629227,0.0634046913484602,0.0452752982043071,0.918906006459139
matrix,AO1,-176.746844884076,368.932578831406,-250.935067896586,-1.17848025526184,0.99305858332932,0.0452752982043071,43.0759867442288,-29.7590338987317
matrix,AO1,-153.562403846122,-1093.24343659832,894.089968286504,0.290446889656296,-1.49607751881074,0.918906006459139,-29.7590338987317,82.8851942896636
matrix,UH1,6324.4473086934,-511.62805115156,13955.4413227276,5.26689998765538,-0.877803134972116,1.04108476794164,-237.051952716863,183.289188435484
matrix,UH1,-511.62805115156,82732.5337919462,2699.43758586415,-14.1609511764207,16.2074913412723,3.55253341585771,801.811690854212,-1571.7645218306
matrix,UH1,13955.4413227276,2699.43758586415,124362.978907657,6.21947847644438,-7.36761929375649,14.6924702926871,-26.5904509059784,1114.18387708247
matrix,UH1,5.26689998765538,-14.1609511764207,6.21947847644438,0.0721583405515793,-0.00541525457045361,0.00571613013704943,-1.28261071120304,0.460464073662604
matrix,UH1,-0.877803134972116,16.2074913412723,-7.36761929375649,-0.00541525457045361,0.0724294947027316,0.00453748537696541,1.106119428273,-1.18961961303831
matrix,UH1,1.04108476794164,3.55253341585771,14.6924702926871,0.00571613013704943,0.00453748537696541,0.0769443015007644,0.169696795116494,1.08753353789227
matrix,UH1,-237.051952716863,801.811690854212,-26.5904509059784,-1.28261071120304,1.106119428273,0.169696795116494,61.5311430371962,-30.4642208276956
matrix,UH1,183.289188435484,-1571.7645218306,1114.18387708247,0.460464073662604,-1.18961961303831,1.08753353789227,-30.4642208276956,79.4134498005069
matrix,ER1,7632.59374628216,5242.24577581789,5440.15331270533,4.38735235014992,2.66154119569194,-0.414672774771357,-165.430003233579,-13.7847299886892
matrix,ER1,5242.24577581789,54579.6568785828,42883.8137895846,-7.00098245293707,-10.9538877453964,15.6726638650433,163.998214244236,-250.172002670079
matrix,ER1,5440.15331270533,42883.8137895846,66191.9201007917,-1.50975379045092,-15.3398410629726,21.8987236875931,294.048579221227,319.871993125721
matrix,ER1,4.38735235014992,-7.00098245293707,-1.50975379045092,0.0783389760429566,0.0086926172561609,-0.00451671331887159,-0.988214564116587,-0.0101881444125312
matrix,ER1,2.66154119569194,-10.9538877453964,-15.3398410629726,0.0086926172561609,0.082126238778937,-0.0155602142211582,0.744072901723459,-0.977722246720144
matrix,ER1,-0.414672774771357,15.6726638650433,21.8987236875931,-0.00451671331887159,-0.0155602142211582,0.0723387518962205,0.267161333811104,0.83219335093112
matrix,ER1,-165.430003233579,163.998214244236,294.048579221227,-0.988214564116587,0.744072901723459,0.267161333811104,45.456328839236,-7.71744974901495
matrix,ER1,-13.7847299886892,-250.172002670079,319.871993125721,-0.0101881444125312,-0.977722246720144,0.83219335093112,-7.71744974901495,34.7555031555878
matrix,OW1,12565.6809857091,12394.1218858941,15085.775040635,4.21046622379429,-0.0263514817076343,1.41709333998661,-224.349939309168,-9.31072077810009
matrix,OW1,12394.1218858941,72265.5793330101,28536.1896019156,-9.18811492654587,5.87095652333505,1.03444551040227,478.590104395987,-1176.96836572658
matrix,OW1,15085.775040635,28536.1896019156,119858.806576386,5.76149769153664,-8.17944854483438,4.17968244466027,5.31976840565733,512.412462179166
matrix,OW1,4.21046622379429,-9.18811492654587,5.76149769153664,0.091048677979977,0.000466572358224459,0.0130312314359866,-1.22277508580963,0.318952644360135
matrix,OW1,-0.0263514817076343,5.87095652333505,-8.17944854483438,0.000466572358224459,0.0724701955656693,0.00479130234625811,0.920043646635601,-1.06641854338994
matrix,OW1,1.41709333998661,1.03444551040227,4.17968244466027,0.0130312314359866,0.00479130234625811,0.0666259629280111,0.0407284360177571,1.0464820641035
matrix,OW1,-224.349939309168,478.590104395987,5.31976840565733,-1.22277508580963,0.920043646635601,0.0407284360177571,48.4415946430346,-24.1133489501741
matrix,OW1,-9.31072077810009,-1176.96836572658,512.412462179166,0.318952644360135,-1.06641854338994,1.0464820641035,-24.1133489501741,69.709258882249
matrix,EY1,9379.5485454944,2252.92089024325,8450.34240443063,5.0904869912576,1.04206743779716,1.31066452027869,-227.997555231702,71.617544966411
matrix,EY1,2252.92089024325,83474.5179834425,66363.2200904422,7.72960586875272,6.69116192082448,10.8096885589713,58.8195888226088,-262.217696419949
matrix,EY1,8450.34240443063,66363.2200904422,98048.5405045099,9.10800896268405,4.6614793454325,10.9072788481787,262.056345704869,29.3966216375838
matrix,EY1,5.0904869912576,7.72960586875272,9.10800896268405,0.0879169254583133,0.00687035801067032,0.00166773748076477,-1.10556732174593,-0.105206540652099
matrix,EY1,1.04206743779716,6.69116192082448,4.6614793454325,0.00687035801067032,0.0652043083350678,-0.00392072078702385,0.976200797325802,-0.811636195522059
matrix,EY1,1.31066452027869,10.8096885589713,10.9072788481787,0.00166773748076477,-0.00392072078702385,0.0503956997507227,0.16744535380356,0.732438911028929
matrix,EY1,-227.997555231702,58.8195888226088,262.056345704869,-1.10556732174593,0.976200797325802,0.16744535380356,67.0771178118491,-9.24819228817177
matrix,EY1,71.617544966411,-262.217696419949,29.3966216375838,-0.105206540652099,-0.811636195522059,0.732438911028929,-9.24819228817177,29.332736700784
matrix,AY1,22457.5216951457,2490.47048258937,12814.7977256101,11.6736864124048,0.810430930823731,4.48892133091037,-438.03749337788,262.545196872198
matrix,AY1,2490.47048258937,62641.5517092194,32831.9938915195,-2.97564358348828,4.58788975093875,2.95260656449183,427.688693802338,-888.287707143151
matrix,AY1,12814.7977256101,32831.9938915195,129649.254715534,7.04764947597415,-7.29270697831404,3.07229375704813,159.191732030637,425.675147917014
matrix,AY1,11.6736864124048,-2.97564358348828,7.04764947597415,0.087708106583581,0.00220663000909901,0.00825176846927413,-1.14009185909102,0.188689583280131
matrix,AY1,0.810430930823731,4.58788975093875,-7.29270697831404,0.00220663000909901,0.0574319410059811,-0.00252510669108575,0.672728396767813,-0.857896277022509
matrix,AY1,4.48892133091037,2.95260656449183,3.07229375704813,0.00825176846927413,-0.00252510669108575,0.059575286059302,-0.00306768070952507,1.01829947991205
matrix,AY1,-438.03749337788,427.688693802338,159.191732030637,-1.14009185909102,0.672728396767813,-0.00306768070952507,46.7340249839681,-18.786496001446
matrix,AY1,262.545196872198,-888.287707143151,425.675147917014,0.188689583280131,-0.857896277022509,1.01829947991205,-18.786496001446,57.9052501117691
matrix,OY1,7460.56380003935,11634.3359319682,3718.67110704746,4.42041126328732,0.938852725924928,-0.286230421532283,-101.464287012267,-200.665428562206
matrix,OY1,11634.3359319682,57625.2664703632,2908.59887226904,-4.51886086698493,12.3068538817465,-6.43282037615064,511.520220777575,-1562.87677974476
matrix,OY1,3718.67110704746,2908.59887226904,94491.9523730146,-12.0449203935367,-30.0395919315794,5.89544361455749,3.36176221219498,1069.0179587366
matrix,OY1,4.42041126328732,-4.51886086698493,-12.0449203935367,0.094454140855472,-0.0105485059983933,0.0115718644730047,-1.31467293563461,0.484746069132547
matrix,OY1,0.938852725924928,12.3068538817465,-30.0395919315794,-0.0105485059983933,0.0958114628966522,-0.00577058964942473,1.01518607412219,-1.57266058757951
matrix,OY1,-0.286230421532283,-6.43282037615064,5.89544361455749,0.0115718644730047,-0.00577058964942473,0.0712872567235467,-0.183749625792937,1.22434869295605
matrix,OY1,-101.464287012267,511.520220777575,3.36176221219498,-1.31467293563461,1.01518607412219,-0.183749625792937,45.6590383076981,-33.7700582126479
matrix,OY1,-200.665428562206,-1562.87677974476,1069.0179587366,0.484746069132547,-1.57266058757951,1.22434869295605,-33.7700582126479,98.9950470876242
