type,phone,F1_0.33,F2_0.33,F3_0.33,B1_0.33,B2_0.33,B3_0.33,A1A2diff_0.33,A2A3diff_0.33
means,AA1,707.951996801997,1272.07328133328,2534.921004771,2.13478502138502,2.25634992134992,2.52117242827243,7.23261004511005,17.4978183807184
means,AE1,686.965921734686,1840.95249196904,2713.92797431311,2.06658187985204,2.28588006254411,2.51602731863425,11.6463630369181,8.38285367781266
means,AH1,645.731223734647,1406.891208556,2637.26643322795,2.08642584566744,2.29855253000755,2.52344907459221,11.04469122996,14.0584909326824
means,AO1,541.95929942545,990.879327870397,2454.47479796553,2.05619197890176,2.25492101912028,2.54700471319582,9.50929360271263,22.3602689027032
means,AW1,724.086445752303,1610.96790984306,2610.76688203685,2.11971683299215,2.28258293244626,2.53639258785397,9.50194408691573,11.5276978548277
means,AY1,733.76429995351,1533.06541224237,2608.28881128157,2.13391927971486,2.27970422129242,2.53534811715481,9.43746354253835,12.3509947807221
means,EH1,620.870011809031,1812.71216930027,2661.14282629478,1.98537169581435,2.26942637818891,2.49972394327916,13.2027620583329,8.22966134791655
means,ER1,546.224150328199,1351.98496718006,1844.61555708096,1.95343205199708,2.32628718091724,2.38097837316058,10.7665082757733,6.97959443133554
means,EY1,533.948431610249,2071.4639227876,2759.70067866505,1.95124812615917,2.29224479292945,2.48814668283029,15.7982727508211,4.7258924010237
means,IH1,490.503595105117,2005.3409627435,2756.86072038324,1.9535274724152,2.29505115220451,2.46953744834945,17.4151517118467,4.9644203196658
means,IY1,419.907161643259,2264.78255241702,2839.55129840619,1.99246406185892,2.35085902477513,2.49742393877229,19.8747407585082,2.83904081847352
means,OW1,600.765407411,1308.37216441944,2595.63894596954,2.07448772916869,2.28321308371326,2.51337661460859,11.3693999573188,15.4376599291881
means,OY1,513.508359550562,1039.82725468165,2530.79606741573,2.01645191011236,2.22920348314607,2.53125134831461,11.6845387265918,20.2211806741573
means,UH1,494.254659972161,1357.86019586399,2522.84326307417,1.88600425531915,2.2556832073971,2.43636602704315,15.9989163551402,12.3262087194273
means,UW1,420.059543594903,1511.66957964453,2503.15292203219,1.96553354795439,2.44432749664655,2.51149401911469,20.4298727280349,7.90806275234742
matrix,IH1,7097.06829142853,3217.35997999568,7660.68276732191,5.14253189204897,-0.0589806002191276,0.820462680138808,-228.356418151425,59.0913138556579
matrix,IH1,3217.35997999568,74809.5799470576,56128.3405142603,5.08446869768835,4.00497376121036,9.82304935674479,15.4166698925579,-273.011316226315
matrix,IH1,7660.68276732191,56128.3405142603,98016.6164018831,5.9411260259459,0.381501965409419,8.60146730167132,279.464831904625,102.735664186279
matrix,IH1,5.14253189204897,5.08446869768835,5.9411260259459,0.102574357203619,0.0115184345784081,0.00759964306729688,-1.27252286316523,-0.0795532772510883
matrix,IH1,-0.0589806002191276,4.00497376121036,0.381501965409419,0.0115184345784081,0.0745070854034243,0.000535937011431276,1.05538006974959,-0.899662633499364
matrix,IH1,0.820462680138808,9.82304935674479,8.60146730167132,0.00759964306729688,0.000535937011431276,0.0561115509145275,0.197278236445355,0.73629810360295
matrix,IH1,-228.356418151425,15.4166698925579,279.464831904625,-1.27252286316523,1.05538006974959,0.197278236445355,66.7307496591467,-10.5759762893353
matrix,IH1,59.0913138556579,-273.011316226315,102.735664186279,-0.0795532772510883,-0.899662633499364,0.73629810360295,-10.5759762893353,32.1627127977084
matrix,AO1,13635.4124838265,14485.8590897917,13598.9571070989,3.5332383342381,1.27916775217958,-1.05922915523917,-176.421489910084,-154.49000168078
matrix,AO1,14485.8590897917,42678.6776917794,13697.2789938511,-4.07279267815524,12.4327543789082,-1.87396502260254,370.983529526463,-1092.81060382448
matrix,AO1,13598.9571070989,13697.2789938511,126633.156464403,-3.40013162566925,-28.2618193160947,-3.31342656194806,-240.74165417886,874.957713117898
matrix,AO1,3.5332383342381,-4.07279267815524,-3.40013162566925,0.0856162746681602,-0.0066809717775612,0.00701090927919672,-1.17662666982601,0.291200032786127
matrix,AO1,1.27916775217958,12.4327543789082,-28.2618193160947,-0.0066809717775612,0.0835106475624833,0.00655434812299405,1.00007025061182,-1.49745988408092
matrix,AO1,-1.05922915523917,-1.87396502260254,-3.31342656194806,0.00701090927919672,0.00655434812299405,0.063279652717594,0.0469330857013526,0.91464178832719
matrix,AO1,-176.421489910084,370.983529526463,-240.74165417886,-1.17662666982601,1.00007025061182,0.0469330857013526,43.1836533118406,-29.7502288291052
matrix,AO1,-154.49000168078,-1092.81060382448,874.957713117898,0.291200032786127,-1.49745988408092,0.91464178832719,-29.7502288291052,82.6142162046508
matrix,AW1,15042.7308510881,8382.42105301872,12380.2055670092,7.15803694704602,2.66360712214906,3.13367855766166,-222.873870588455,46.4758472497589
matrix,AW1,8382.42105301872,88791.2460512575,46545.2923365279,-2.19148618481779,0.839138353641932,3.39358811145029,291.304607945568,-973.211215395698
matrix,AW1,12380.2055670092,46545.2923365279,100936.564027868,6.72868501544557,-2.94745858578991,3.58089397076865,167.111141500872,77.7103135649714
matrix,AW1,7.15803694704602,-2.19148618481779,6.72868501544557,0.0902530765461571,0.000392495135795435,0.0085438875660763,-1.13248704870034,0.135724941150302
matrix,AW1,2.66360712214906,0.839138353641932,-2.94745858578991,0.000392495135795435,0.0579205706949383,-0.000818475529644561,0.714157120544134,-0.745687660005694
matrix,AW1,3.13367855766166,3.39358811145029,3.58089397076865,0.0085438875660763,-0.000818475529644561,0.0577361816040844,0.0629591832784862,0.912698491380624
matrix,AW1,-222.873870588455,291.304607945568,167.111141500872,-1.13248704870034,0.714157120544134,0.0629591832784862,45.1332999641122,-12.9967043189232
matrix,AW1,46.4758472497589,-973.211215395698,77.7103135649714,0.135724941150302,-0.745687660005694,0.912698491380624,-12.9967043189232,48.9322989023957
matrix,UW1,5483.71492388163,2238.03480854907,5842.52736833176,3.01963321013389,-2.49042384504337,0.125908797904061,-220.912653209852,85.0449492647868
matrix,UW1,2238.03480854907,158087.45631753,51850.101094414,-15.512161075973,8.6050490779916,-3.84913287058705,992.127838780719,-2264.72502663159
matrix,UW1,5842.52736833176,51850.101094414,83769.1955017032,-9.51685201110686,-3.65185505174199,7.16590848676686,423.84978039586,-11.674419418197
matrix,UW1,3.01963321013389,-15.512161075973,-9.51685201110686,0.095242953487437,-0.000151438671595607,0.00532279507715682,-1.52152415571278,0.217185447471203
matrix,UW1,-2.49042384504337,8.6050490779916,-3.65185505174199,-0.000151438671595607,0.0824430120890399,0.00330135547842945,1.35105318333713,-1.29249345523655
matrix,UW1,0.125908797904061,-3.84913287058705,7.16590848676686,0.00532279507715682,0.00330135547842945,0.0568660018245882,0.148654129775014,0.882325872442676
matrix,UW1,-220.912653209852,992.127838780719,423.84978039586,-1.52152415571278,1.35105318333713,0.148654129775014,72.8502943204657,-34.7661763170485
matrix,UW1,85.0449492647868,-2264.72502663159,-11.674419418197,0.217185447471203,-1.29249345523655,0.882325872442676,-34.7661763170485,78.242142890812
matrix,UH1,6329.70402934146,-521.473347805523,13984.4179825852,5.3024126520387,-0.881233110065696,1.09563197119543,-237.64019737124,183.459146154949
matrix,UH1,-521.473347805523,82327.1436341766,2543.51231977446,-13.9934220279788,15.9860619832039,3.47063105090253,792.636795686763,-1563.7160787577
matrix,UH1,13984.4179825852,2543.51231977446,124747.50292987,6.55164187405195,-7.22524520690731,14.6961222763242,-27.3583109586135,1117.69013406382
matrix,UH1,5.3024126520387,-13.9934220279788,6.55164187405195,0.0721093866697695,-0.0053226239356942,0.00584071824838844,-1.27753678506314,0.46100649295981
matrix,UH1,-0.881233110065696,15.9860619832039,-7.22524520690731,-0.0053226239356942,0.0717097867071422,0.00421572652599857,1.09151435662647,-1.1875411862153
matrix,UH1,1.09563197119543,3.47063105090253,14.6961222763242,0.00584071824838844,0.00421572652599857,0.0769959537716457,0.170253707296266,1.095524012797
matrix,UH1,-237.64019737124,792.636795686763,-27.3583109586135,-1.27753678506314,1.09151435662647,0.170253707296266,61.3534806561559,-30.2337018438714
matrix,UH1,183.459146154949,-1563.7160787577,1117.69013406382,0.46100649295981,-1.1875411862153,1.095524012797,-30.2337018438714,79.1903340263782
matrix,AH1,15927.1546643636,4169.2470193607,17188.9313822465,7.8805836336066,-0.532262340746381,2.03327977572099,-372.229338202757,208.910951188785
matrix,AH1,4169.2470193607,51040.4475139693,26160.1752558485,-9.78895389396287,0.832872191685018,1.35948591629927,415.235216062249,-726.0918494203
matrix,AH1,17188.9313822465,26160.1752558485,134551.646270416,7.22468410446215,-11.3461870666599,2.81683133629762,-64.1501372811078,659.733198199089
matrix,AH1,7.8805836336066,-9.78895389396287,7.22468410446215,0.100093804802083,0.00510585447914231,0.0152247182431075,-1.29135661058004,0.315180441633106
matrix,AH1,-0.532262340746381,0.832872191685018,-11.3461870666599,0.00510585447914231,0.0702987060953876,0.00460505597759364,0.838916299376077,-0.982814577697414
matrix,AH1,2.03327977572099,1.35948591629927,2.81683133629762,0.0152247182431075,0.00460505597759364,0.0660703065160046,0.0319987597549696,1.04680375125498
matrix,AH1,-372.229338202757,415.235216062249,-64.1501372811078,-1.29135661058004,0.838916299376077,0.0319987597549696,50.6285040625254,-22.5644397277691
matrix,AH1,208.910951188785,-726.0918494203,659.733198199089,0.315180441633106,-0.982814577697414,1.04680375125498,-22.5644397277691,61.0838841822487
matrix,OW1,12595.1893343396,12394.0143511184,14894.4101176573,4.22921317623,-0.119273223016189,1.41998396253903,-225.631718137815,-8.78144445883194
matrix,OW1,12394.0143511184,72138.5828386244,28271.5824856288,-9.24811656755822,5.72933810480877,1.03971389169535,476.835034098726,-1177.22018529501
matrix,OW1,14894.4101176573,28271.5824856288,119554.784969724,5.7411367488835,-8.17084045596837,4.16925445166743,8.94348971437653,514.140752819873
matrix,OW1,4.22921317623,-9.24811656755822,5.7411367488835,0.0910695020300653,0.000464917349580433,0.0131636078981994,-1.22354444317419,0.324655581534018
matrix,OW1,-0.119273223016189,5.72933810480877,-8.17084045596837,0.000464917349580433,0.0726131467106353,0.00497993617119398,0.924162644178405,-1.06641635320172
matrix,OW1,1.41998396253903,1.03971389169535,4.16925445166743,0.0131636078981994,0.00497993617119398,0.0664315034064012,0.0423892134190564,1.04264348669467
matrix,OW1,-225.631718137815,476.835034098726,8.94348971437653,-1.22354444317419,0.924162644178405,0.0423892134190564,48.4293115351386,-24.1781850223644
matrix,OW1,-8.78144445883194,-1177.22018529501,514.140752819873,0.324655581534018,-1.06641635320172,1.04264348669467,-24.1781850223644,69.8085012519216
matrix,EY1,9378.55316915298,2228.15254368154,8379.78341888293,5.07942307389606,1.03629549145501,1.33657251662363,-228.087590403822,71.0182975050848
matrix,EY1,2228.15254368154,83447.9223946373,66286.775917014,7.8850655296485,6.71066996048571,10.8227253220313,58.8135703412067,-262.986053301393
matrix,EY1,8379.78341888293,66286.775917014,98150.0987098718,9.12821600784086,4.58255514944321,11.0179641868086,265.470092125102,30.003474988838
matrix,EY1,5.07942307389606,7.8850655296485,9.12821600784086,0.0878546771954121,0.00665564061231558,0.00151112725720729,-1.10393912026124,-0.110009153344084
matrix,EY1,1.03629549145501,6.71066996048571,4.58255514944321,0.00665564061231558,0.0654597076243958,-0.00385833197430935,0.981291345901037,-0.814338528731338
matrix,EY1,1.33657251662363,10.8227253220313,11.0179641868086,0.00151112725720729,-0.00385833197430935,0.0501788059542907,0.168292796786422,0.730461155814895
matrix,EY1,-228.087590403822,58.8135703412067,265.470092125102,-1.10393912026124,0.981291345901037,0.168292796786422,66.962251547669,-9.21121729030592
matrix,EY1,71.0182975050848,-262.986053301393,30.003474988838,-0.110009153344084,-0.814338528731338,0.730461155814895,-9.21121729030592,29.3681405316867
matrix,EH1,12165.385751335,1778.0822580613,9233.99112161391,5.59316590067821,1.16189885820373,2.21155576662729,-253.851835301547,105.083503749343
matrix,EH1,1778.0822580613,77026.582740346,54778.1735915483,1.94124071112859,4.27594730286235,5.96540917762532,284.232645282885,-561.621282349266
matrix,EH1,9233.99112161391,54778.1735915483,116175.755440834,4.73966084021491,0.540107497618427,6.89254726624614,433.136905266021,110.253714818654
matrix,EH1,5.59316590067821,1.94124071112859,4.73966084021491,0.0884586886778575,0.00562723596307422,0.00445524543584827,-1.06704309042282,-0.0395591703429271
matrix,EH1,1.16189885820373,4.27594730286235,0.540107497618427,0.00562723596307422,0.0653582887538411,-0.00235423176676344,0.908565393901767,-0.862801898606931
matrix,EH1,2.21155576662729,5.96540917762532,6.89254726624614,0.00445524543584827,-0.00235423176676344,0.0541840181392364,0.168330849531848,0.819457191267088
matrix,EH1,-253.851835301547,284.232645282885,433.136905266021,-1.06704309042282,0.908565393901767,0.168330849531848,58.4846578825597,-10.9519562890826
matrix,EH1,105.083503749343,-561.621282349266,110.253714818654,-0.0395591703429271,-0.862801898606931,0.819457191267088,-10.9519562890826,38.6698941687941
matrix,IY1,6681.75345735699,6540.18783032847,7810.7354424202,7.31774857714446,0.859438142780781,0.766647538343266,-246.144711796204,21.0321914313319
matrix,IY1,6540.18783032847,98435.9523646362,89073.3222273558,11.9998147981075,-5.61500034803997,18.7292620763669,-124.021093493928,109.117204715453
matrix,IY1,7810.7354424202,89073.3222273558,133655.67843773,14.688015995555,-5.57343899057207,28.566505057404,412.281883291682,368.724798241149
matrix,IY1,7.31774857714446,11.9998147981075,14.688015995555,0.0892274645565859,0.00518739654779951,0.00189579245773182,-1.31828039293996,-0.0323135815023041
matrix,IY1,0.859438142780781,-5.61500034803997,-5.57343899057207,0.00518739654779951,0.0803514028126707,-0.0174484640170942,1.23640639942749,-1.06627655759838
matrix,IY1,0.766647538343266,18.7292620763669,28.566505057404,0.00189579245773182,-0.0174484640170942,0.058707792686024,0.153068163431671,0.902890514086599
matrix,IY1,-246.144711796204,-124.021093493928,412.281883291682,-1.31828039293996,1.23640639942749,0.153068163431671,85.3304241638382,-11.7902707287067
matrix,IY1,21.0321914313319,109.117204715453,368.724798241149,-0.0323135815023041,-1.06627655759838,0.902890514086599,-11.7902707287067,30.4056732526861
matrix,ER1,7646.76936424821,5264.34649397524,5477.23906655689,4.41451979501844,2.65996060563403,-0.417093397666876,-166.171655520705,-14.3622132183923
matrix,ER1,5264.34649397524,54233.9381512828,42968.1540853184,-6.63748843547195,-10.3669974765234,15.5380820827594,163.018576005098,-250.932114248123
matrix,ER1,5477.23906655689,42968.1540853184,66727.5095033847,-1.30510111973122,-15.1848239379846,21.8493675237397,297.533817485243,321.39188798667
matrix,ER1,4.41451979501844,-6.63748843547195,-1.30510111973122,0.0781321926765039,0.00859753252132902,-0.00457191789654146,-0.984170629308084,-0.0120442612626416
matrix,ER1,2.65996060563403,-10.3669974765234,-15.1848239379846,0.00859753252132902,0.0821955556628479,-0.015366523512618,0.749920930814862,-0.987606454626048
matrix,ER1,-0.417093397666876,15.5380820827594,21.8493675237397,-0.00457191789654146,-0.015366523512618,0.0719561580576588,0.271088846640287,0.823232292237122
matrix,ER1,-166.171655520705,163.018576005098,297.533817485243,-0.984170629308084,0.749920930814862,0.271088846640287,45.5969013469098,-7.73237269392122
matrix,ER1,-14.3622132183923,-250.932114248123,321.39188798667,-0.0120442612626416,-0.987606454626048,0.823232292237122,-7.73237269392122,34.7343681079105
matrix,AA1,19242.1622577272,16815.9825807258,23151.8443275288,3.73454427396213,2.66251529717221,2.16086980092844,-197.108713003821,-36.3783830737147
matrix,AA1,16815.9825807258,57324.602218929,35779.8842623994,-6.52067356064907,6.65991064833665,5.11455018200749,280.16679268301,-886.471757630983
matrix,AA1,23151.8443275288,35779.8842623994,173759.513205489,4.80918114848414,-19.097250966179,9.79836350474531,-44.062114710075,968.508255377101
matrix,AA1,3.73454427396213,-6.52067356064907,4.80918114848414,0.0856069750084714,-0.00203128828983413,0.00962239701778237,-1.0472765089195,0.236094993207642
matrix,AA1,2.66251529717221,6.65991064833665,-19.097250966179,-0.00203128828983413,0.0615499234373394,0.00245341420735539,0.705394341932812,-1.0493837586128
matrix,AA1,2.16086980092844,5.11455018200749,9.79836350474531,0.00962239701778237,0.00245341420735539,0.0649458018742768,0.0899538175566765,1.04850833669709
matrix,AA1,-197.108713003821,280.16679268301,-44.062114710075,-1.0472765089195,0.705394341932812,0.0899538175566765,35.9726019030884,-16.5040797630833
matrix,AA1,-36.3783830737147,-886.471757630983,968.508255377101,0.236094993207642,-1.0493837586128,1.04850833669709,-16.5040797630833,70.2481456949939
matrix,AE1,18743.6197826522,-1005.07989496227,8474.93841542708,6.2715125389516,2.34729830524221,3.72378636184681,-323.18945207677,184.968422341289
matrix,AE1,-1005.07989496227,72029.7920778643,50765.8007794346,5.41474582638934,5.01083855828978,4.29522275718112,256.059452245236,-554.235091536921
matrix,AE1,8474.93841542708,50765.8007794346,96155.4644233291,9.70979324486592,2.93314397744519,4.84274271622408,261.802715904073,5.62533552139489
matrix,AE1,6.2715125389516,5.41474582638934,9.70979324486592,0.0923722334876022,0.00860259015313833,0.00698960151678351,-0.963289307432677,-0.0687044194078434
matrix,AE1,2.34729830524221,5.01083855828978,2.93314397744519,0.00860259015313833,0.0628544941681824,-0.00141932459669655,0.843715481214336,-0.843363969964151
matrix,AE1,3.72378636184681,4.29522275718112,4.84274271622408,0.00698960151678351,-0.00141932459669655,0.0516438475461866,0.0895648315627704,0.81402707366047
matrix,AE1,-323.18945207677,256.059452245236,261.802715904073,-0.963289307432677,0.843715481214336,0.0895648315627704,54.3445866671174,-12.5758312903072
matrix,AE1,184.968422341289,-554.235091536921,5.62533552139489,-0.0687044194078434,-0.843363969964151,0.81402707366047,-12.5758312903072,38.7524062477599
matrix,AY1,22427.1797848892,2496.13495876424,12974.9122708766,11.7302286929276,0.839838671913241,4.51260222299603,-437.476323010264,265.83915877752
matrix,AY1,2496.13495876424,62613.3456397108,32961.4488258648,-3.05116626653007,4.63550891149651,2.86739319875201,429.489602833001,-887.416959432638
matrix,AY1,12974.9122708766,32961.4488258648,129656.803749324,7.11086730667025,-7.12480197584044,2.70103761168473,165.283759472221,419.662928930749
matrix,AY1,11.7302286929276,-3.05116626653007,7.11086730667025,0.0879462704698886,0.00215359571799927,0.00822249688869117,-1.14407712513021,0.193111969754429
matrix,AY1,0.839838671913241,4.63550891149651,-7.12480197584044,0.00215359571799927,0.0571851200830955,-0.00261026042255202,0.668595967522052,-0.857466808265141
matrix,AY1,4.51260222299603,2.86739319875201,2.70103761168473,0.00822249688869117,-0.00261026042255202,0.0593854273581153,-0.00430325416533779,1.01835073311358
matrix,AY1,-437.476323010264,429.489602833001,165.283759472221,-1.14407712513021,0.668595967522052,-0.00430325416533779,46.8195494449099,-18.8145402156471
matrix,AY1,265.83915877752,-887.416959432638,419.662928930749,0.193111969754429,-0.857466808265141,1.01835073311358,-18.8145402156471,57.9802186325007
matrix,OY1,7454.80568483133,11585.6115016768,3451.40547050404,4.27097090159846,0.779948030069756,-0.198740895127157,-97.6060631874775,-199.437075444229
matrix,OY1,11585.6115016768,57156.691089538,3017.65074821062,-4.44673246777777,11.8833833280373,-6.34921021454359,513.181274339403,-1545.50376766791
matrix,OY1,3451.40547050404,3017.65074821062,94216.0600745252,-13.1433892922232,-29.5604701080656,6.04836961189858,27.214280724477,1062.29593027616
matrix,OY1,4.27097090159846,-4.44673246777777,-13.1433892922232,0.0948437213208162,-0.0110942748380532,0.0113377747932273,-1.31929522716654,0.463177551449442
matrix,OY1,0.779948030069756,11.8833833280373,-29.5604701080656,-0.0110942748380532,0.0966958688713401,-0.00629350406427101,1.02086178004116,-1.59682146928822
matrix,OY1,-0.198740895127157,-6.34921021454359,6.04836961189858,0.0113377747932273,-0.00629350406427101,0.0704916326827074,-0.195783489197983,1.21675267231531
matrix,OY1,-97.6060631874775,513.181274339403,27.214280724477,-1.31929522716654,1.02086178004116,-0.195783489197983,45.4623866716282,-33.5898273946728
matrix,OY1,-199.437075444229,-1545.50376766791,1062.29593027616,0.463177551449442,-1.59682146928822,1.21675267231531,-33.5898273946728,98.6982905489182
