type,phone,F1_0.33,F2_0.33,F3_0.33,B1_0.33,B2_0.33,B3_0.33,A1A2diff_0.33,A2A3diff_0.33
means,AA1,603.866916403785,1231.41020504732,2584.2430126183,2.3093417192429,2.12795031545741,2.47710339116719,6.73476735015773,17.9037925867508
means,AE1,749.600113564669,1604.50565299685,2582.76319873817,2.42903116719243,2.22588208201893,2.51815148264984,4.82744511041009,11.6724782334385
means,AH1,651.64135155096,1418.01194977843,2650.39076070901,2.34011477104874,2.16264372230428,2.4822905465288,7.01171085672083,14.5452248153619
means,AO1,443.902525641026,1000.54005769231,2478.60435897436,1.99643346153846,2.25878358974359,2.49075826923077,13.6895743589744,19.5743864102564
means,AW1,727.069393939394,1479.20525252525,2503.80508417508,2.43034377104377,2.15501952861953,2.53916262626263,4.57883973063973,14.1551818181818
means,AY1,687.551735127479,1356.92692634561,2587.16850566572,2.38233746458924,2.13633519830028,2.46139121813031,5.40931126062323,15.5889687677054
means,EH1,614.227568270481,1697.18975292588,2630.03303641092,2.23981827048114,2.18486033810143,2.43917438231469,9.26826807542263,8.9761299739922
means,ER1,544.113656509695,1298.42991689751,1895.26886426593,2.1589283933518,2.48360720221607,2.35988781163435,9.88966523545706,5.43432216066482
means,EY1,516.451921157685,2002.5271007984,2741.05658682635,2.05721012974052,2.23124036926148,2.43469141716567,14.1368364271457,4.70207410179641
means,IH1,451.055816843074,1946.18554072711,2721.07585826047,2.03220230096641,2.25188127013346,2.38871297745053,17.2209585826047,3.90399272894616
means,IY1,369.305051890289,2306.18233876946,2885.06349147517,1.86575163083766,2.24772498146775,2.46028065233506,20.5959850259451,2.60866964418087
means,OW1,519.375548293391,1586.77376180102,2547.10360929557,2.10570319535221,2.18570573710966,2.37877196804648,12.7418217864924,8.12577792302106
means,UH1,414.103444444444,1538.52488888889,2479.24088888889,1.86862666666667,2.15371333333333,2.43161777777778,18.1245677777778,7.79705555555556
means,UW1,367.234450625869,1905.24406119611,2542.53924895688,1.82475980528512,2.31795243393602,2.39368289290682,21.3352382475661,2.63495980528512
matrix,EY1,6665.06104748055,-1784.87912013883,3553.01243122352,5.7367233999004,0.364011829544855,3.32720147780525,-178.897112001121,109.185631671846
matrix,EY1,-1784.87912013883,97196.1621757642,68550.5380231001,-2.5564118008718,26.3047210027685,34.4251134628726,531.853821259432,-261.358422291797
matrix,EY1,3553.01243122352,68550.5380231001,85221.329458639,1.69853507902517,10.7172829506369,27.8432878378899,491.759753654599,130.241960689893
matrix,EY1,5.7367233999004,-2.5564118008718,1.69853507902517,0.0773900111354799,0.008675132835998,0.000217790671109107,-0.869180523704179,0.0303478145760028
matrix,EY1,0.364011829544855,26.3047210027685,10.7172829506369,0.008675132835998,0.0838508293380563,-0.00120397049208622,0.869817496391934,-0.953534854121236
matrix,EY1,3.32720147780525,34.4251134628726,27.8432878378899,0.000217790671109107,-0.00120397049208622,0.0669471980391289,0.0410388449758097,0.698145164795083
matrix,EY1,-178.897112001121,531.853821259432,491.759753654599,-0.869180523704179,0.869817496391934,0.0410388449758097,43.5076178987423,-13.47343138312
matrix,EY1,109.185631671846,-261.358422291797,130.241960689893,0.0303478145760028,-0.953534854121236,0.698145164795083,-13.47343138312,28.6132870714657
matrix,UW1,2378.66933698885,4759.70077772169,4521.39500641133,0.338430464656111,-1.59361201641866,0.489812597134677,-41.8669788222733,36.3684266025391
matrix,UW1,4759.70077772169,116071.836300754,50437.2113193496,-17.1118699980939,-21.7754197745224,6.56620350968344,27.3666303792718,-520.941745695866
matrix,UW1,4521.39500641133,50437.2113193496,62660.3644997137,-4.3542179912328,-9.45758090624746,6.56519679911166,340.790230137401,40.3309166508285
matrix,UW1,0.338430464656111,-17.1118699980939,-4.3542179912328,0.0866993286189035,0.0153818181411431,0.00573993647020196,-1.06235149135744,0.0801247307776779
matrix,UW1,-1.59361201641866,-21.7754197745224,-9.45758090624746,0.0153818181411431,0.107987118820669,-0.0133486600627613,0.966221486139369,-1.24553838664994
matrix,UW1,0.489812597134677,6.56620350968344,6.56519679911166,0.00573993647020196,-0.0133486600627613,0.0613373864618144,-0.117455917450634,0.75698123791867
matrix,UW1,-41.8669788222733,27.3666303792718,340.790230137401,-1.06235149135744,0.966221486139369,-0.117455917450634,56.5757221015017,-16.214907739129
matrix,UW1,36.3684266025391,-520.941745695866,40.3309166508285,0.0801247307776779,-1.24553838664994,0.75698123791867,-16.214907739129,39.5483507142456
matrix,IH1,8291.13033935318,3265.22890983665,5854.08314965543,11.907890229243,3.67787355467105,3.98478681213859,-295.374860041659,23.8864139764761
matrix,IH1,3265.22890983665,82540.1228289547,57626.2238125537,3.1336227639486,15.3715917442484,23.3408817779703,28.7753164459786,-239.204660183451
matrix,IH1,5854.08314965543,57626.2238125537,81592.5074197626,3.36896522638522,0.712378202316393,19.3129094999066,91.9177475332613,168.821602696851
matrix,IH1,11.907890229243,3.1336227639486,3.36896522638522,0.11859858277555,0.0289400355173339,0.0269877807297941,-1.25702740448108,-0.0187804170919175
matrix,IH1,3.67787355467105,15.3715917442484,0.712378202316393,0.0289400355173339,0.103615624497097,-0.000541774107650904,0.764379392248762,-1.20857778850181
matrix,IH1,3.98478681213859,23.3408817779703,19.3129094999066,0.0269877807297941,-0.000541774107650904,0.0750472921887826,-0.308306791699829,0.778783954426816
matrix,IH1,-295.374860041659,28.7753164459786,91.9177475332613,-1.25702740448108,0.764379392248762,-0.308306791699829,52.0737712949413,-15.009948731595
matrix,IH1,23.8864139764761,-239.204660183451,168.821602696851,-0.0187804170919175,-1.20857778850181,0.778783954426816,-15.009948731595,35.484996886669
matrix,AO1,6515.36966597112,8113.42050569127,7057.02713612934,3.82642844333646,3.12877148983734,2.38298783734396,-64.3928774335948,-101.841828762961
matrix,AO1,8113.42050569127,37806.2303862058,17739.3270131544,6.89190256124981,-2.19668226075887,4.87677298701461,252.239767478709,-759.679796729171
matrix,AO1,7057.02713612934,17739.3270131544,133286.125896831,-5.21721376173089,-26.1854422215589,-15.6365519007253,108.079081507607,276.945908568576
matrix,AO1,3.82642844333646,6.89190256124981,-5.21721376173089,0.0972926569168106,-0.00941851676932945,0.00987274357174224,-1.19127919894903,0.213865734399862
matrix,AO1,3.12877148983734,-2.19668226075887,-26.1854422215589,-0.00941851676932945,0.0925768929569579,0.0123045871017911,0.881761876455157,-0.917214042814559
matrix,AO1,2.38298783734396,4.87677298701461,-15.6365519007253,0.00987274357174224,0.0123045871017911,0.0934840397391449,-0.0169136667538362,0.72178314365318
matrix,AO1,-64.3928774335948,252.239767478709,108.079081507607,-1.19127919894903,0.881761876455157,-0.0169136667538362,43.8487581240246,-25.4612881945244
matrix,AO1,-101.841828762961,-759.679796729171,276.945908568576,0.213865734399862,-0.917214042814559,0.72178314365318,-25.4612881945244,54.6866079056779
matrix,AH1,20122.4142153929,5259.37707452469,15859.3944122749,12.9837506769911,9.90825939762615,8.67037972897255,-369.39939423937,148.101394254684
matrix,AH1,5259.37707452469,29886.149772101,21102.8512757515,1.89135530746817,5.14247840101487,6.95733403470596,178.149170492489,-381.132867818561
matrix,AH1,15859.3944122749,21102.8512757515,91537.6269297239,8.8393509148454,1.13051954542943,14.3251250670636,-36.0006245005044,385.255378270096
matrix,AH1,12.9837506769911,1.89135530746817,8.8393509148454,0.0951923741053799,0.0126923702775713,0.0177810093341237,-1.14216690387076,0.232741363506055
matrix,AH1,9.90825939762615,5.14247840101487,1.13051954542943,0.0126923702775713,0.0586090944062377,0.0170509906723174,0.310170203737829,-0.334641498875883
matrix,AH1,8.67037972897255,6.95733403470596,14.3251250670636,0.0177810093341237,0.0170509906723174,0.0675023813591985,-0.0610267120998034,0.744330962799436
matrix,AH1,-369.39939423937,178.149170492489,-36.0006245005044,-1.14216690387076,0.310170203737829,-0.0610267120998034,35.7846252511237,-14.0785491430412
matrix,AH1,148.101394254684,-381.132867818561,385.255378270096,0.232741363506055,-0.334641498875883,0.744330962799436,-14.0785491430412,35.3234251231384
matrix,EH1,13586.2296385851,7708.85114090823,9796.96814831241,6.47648104706025,8.68343350856506,7.67145206843842,-196.716207782302,56.662251618154
matrix,EH1,7708.85114090823,46071.6328782733,42494.6718006856,2.84526527842731,13.3911437898038,14.495217812144,201.054322351899,-218.959753006903
matrix,EH1,9796.96814831241,42494.6718006856,89812.1195475081,5.55331415463686,8.62413959611,9.43181246430357,362.165521568697,88.2229152661168
matrix,EH1,6.47648104706025,2.84526527842731,5.55331415463686,0.0714562818715676,0.0204490932234869,0.00355621075462391,-0.667711900314196,-0.134157294978705
matrix,EH1,8.68343350856506,13.3911437898038,8.62413959611,0.0204490932234869,0.0916731442814731,0.0114554258147828,0.746595599077814,-0.873297023592444
matrix,EH1,7.67145206843842,14.495217812144,9.43181246430357,0.00355621075462391,0.0114554258147828,0.0659226503127282,0.0709603765141,0.625344898393608
matrix,EH1,-196.716207782302,201.054322351899,362.165521568697,-0.667711900314196,0.746595599077814,0.0709603765141,34.2078439554213,-11.3366313677152
matrix,EH1,56.662251618154,-218.959753006903,88.2229152661168,-0.134157294978705,-0.873297023592444,0.625344898393608,-11.3366313677152,29.279649172276
matrix,IY1,2586.97250872923,2330.75205555157,1774.13735458331,0.401565674924614,0.666818446608304,0.667796660996913,-40.710255329219,9.91772800806445
matrix,IY1,2330.75205555157,85648.0176453624,74052.4471847863,-1.45820044374883,-1.51001387231482,22.0839834475654,169.093704683532,72.4059724855563
matrix,IY1,1774.13735458331,74052.4471847863,102266.291120768,-1.57225206057193,-8.17720460190042,23.8235666656489,512.796626438656,267.150558721525
matrix,IY1,0.401565674924614,-1.45820044374883,-1.57225206057193,0.0851994440703835,0.00721407569153932,0.00887498085470142,-1.07754312714279,0.0860212199846369
matrix,IY1,0.666818446608304,-1.51001387231482,-8.17720460190042,0.00721407569153932,0.0724410290086203,-0.0215432420711781,0.694763775609659,-1.00023155514795
matrix,IY1,0.667796660996913,22.0839834475654,23.8235666656489,0.00887498085470142,-0.0215432420711781,0.0651126475825183,-0.123882424624266,0.900311217273054
matrix,IY1,-40.710255329219,169.093704683532,512.796626438656,-1.07754312714279,0.694763775609659,-0.123882424624266,51.5516108515962,-11.8117231155122
matrix,IY1,9.91772800806445,72.4059724855563,267.150558721525,0.0860212199846369,-1.00023155514795,0.900311217273054,-11.8117231155122,29.3479479725413
matrix,AY1,20176.012868922,9553.07102326751,14283.5244784983,6.06442018299912,7.0122379892021,6.64758816549651,-241.291580433443,121.730388928787
matrix,AY1,9553.07102326751,31269.4655328564,21954.6320426751,4.42060027044388,7.65733223087216,8.2050688440019,117.484549213941,-418.391394172607
matrix,AY1,14283.5244784983,21954.6320426751,81801.2116356818,8.37426569953954,0.817006337539626,12.2898809145785,26.0315451167682,329.360282966052
matrix,AY1,6.06442018299912,4.42060027044388,8.37426569953954,0.070713290537295,-0.00153494117079382,0.00941881876297725,-0.900900067112464,0.170129196252437
matrix,AY1,7.0122379892021,7.65733223087216,0.817006337539626,-0.00153494117079382,0.0497377119069061,0.01267300162754,0.474932902225618,-0.359023848106134
matrix,AY1,6.64758816549651,8.2050688440019,12.2898809145785,0.00941881876297725,0.01267300162754,0.0623117272226115,-0.0134419605247118,0.749100480781516
matrix,AY1,-241.291580433443,117.484549213941,26.0315451167682,-0.900900067112464,0.474932902225618,-0.0134419605247118,29.3018298986754,-12.8348805574581
matrix,AY1,121.730388928787,-418.391394172607,329.360282966052,0.170129196252437,-0.359023848106134,0.749100480781516,-12.8348805574581,37.1783497946085
matrix,AE1,33808.6319725881,6136.43538205963,13153.6469538032,5.15101997878151,15.5658977337281,5.57407664061435,-336.656405757651,93.3228361085341
matrix,AE1,6136.43538205963,33302.9918180235,31804.1309623354,3.20832548152901,12.337912961834,10.9468945995678,242.716114455689,-246.225313686219
matrix,AE1,13153.6469538032,31804.1309623354,80901.3165207591,2.61930288824642,4.22822631871475,3.10773074872662,291.370615755865,64.9175078221948
matrix,AE1,5.15101997878151,3.20832548152901,2.61930288824642,0.0890767259724373,0.0140950048959269,0.0155395915951749,-0.926415542789428,0.0179081917836289
matrix,AE1,15.5658977337281,12.337912961834,4.22822631871475,0.0140950048959269,0.0729549194640968,0.00965206724249196,0.51582993375703,-0.69450883412132
matrix,AE1,5.57407664061435,10.9468945995678,3.10773074872662,0.0155395915951749,0.00965206724249196,0.0654262917923079,-0.106523746938769,0.650908543160449
matrix,AE1,-336.656405757651,242.716114455689,291.370615755865,-0.926415542789428,0.51582993375703,-0.106523746938769,38.4892453139676,-12.8401113586261
matrix,AE1,93.3228361085341,-246.225313686219,64.9175078221948,0.0179081917836289,-0.69450883412132,0.650908543160449,-12.8401113586261,29.5051541537368
matrix,OW1,7400.29050349639,8992.57868914232,8351.14861557048,3.67248793647348,-2.39021433854035,5.15149701320067,-199.402502553378,101.816283971416
matrix,OW1,8992.57868914232,78198.8774476118,41345.3992662092,-6.7233201515639,-18.5575167330801,10.903338390411,7.60615265926307,-333.109670686513
matrix,OW1,8351.14861557048,41345.3992662092,70371.4406178501,-2.23067104133787,-23.5833071013906,7.83874909470844,10.8361549038671,260.063948295583
matrix,OW1,3.67248793647348,-6.7233201515639,-2.23067104133787,0.0864485693938521,0.0072303809554918,0.00974506082364869,-1.10763220292577,0.193167186313328
matrix,OW1,-2.39021433854035,-18.5575167330801,-23.5833071013906,0.0072303809554918,0.115445261631306,0.00511430293710206,1.136607215638,-1.19353517428459
matrix,OW1,5.15149701320067,10.903338390411,7.83874909470844,0.00974506082364869,0.00511430293710206,0.0727509160886385,-0.0237295207478498,0.803457975812375
matrix,OW1,-199.402502553378,7.60615265926307,10.8361549038671,-1.10763220292577,1.136607215638,-0.0237295207478498,47.0753827737401,-20.4956567086829
matrix,OW1,101.816283971416,-333.109670686513,260.063948295583,0.193167186313328,-1.19353517428459,0.803457975812375,-20.4956567086829,43.7273666763146
matrix,AA1,16248.9583144776,7422.57665217185,20151.6053255559,11.2936136733404,0.403317455985351,5.0926394082553,-348.127171042353,211.131780346499
matrix,AA1,7422.57665217185,34486.4062616785,20132.0327725467,5.78593450761878,-0.785216843000805,4.63836828659692,101.156230767552,-500.481342069513
matrix,AA1,20151.6053255559,20132.0327725467,140471.539683261,13.6375184677447,-24.5330799796409,-2.90379714676737,-191.386002874726,735.761163618247
matrix,AA1,11.2936136733404,5.78593450761878,13.6375184677447,0.091942474824824,-0.00561090730993504,0.0168425825971644,-1.20393992210957,0.359599477554981
matrix,AA1,0.403317455985351,-0.785216843000805,-24.5330799796409,-0.00561090730993504,0.0577166275373905,0.0131338740439176,0.539003476103441,-0.559034476240754
matrix,AA1,5.0926394082553,4.63836828659692,-2.90379714676737,0.0168425825971644,0.0131338740439176,0.0767830400753102,-0.102669070891559,0.764772841872042
matrix,AA1,-348.127171042353,101.156230767552,-191.386002874726,-1.20393992210957,0.539003476103441,-0.102669070891559,37.0452688407485,-18.9020712261696
matrix,AA1,211.131780346499,-500.481342069513,735.761163618247,0.359599477554981,-0.559034476240754,0.764772841872042,-18.9020712261696,46.1170120944201
matrix,ER1,9051.63871948241,7666.16125869541,8876.22110443597,-0.285049833506864,0.503415472935021,7.00768740107806,-116.596696989212,55.4123785194117
matrix,ER1,7666.16125869541,55394.6612296741,59118.8283232065,-28.4545656411878,-41.7514508149346,45.4638551279732,115.601932938855,536.460852312524
matrix,ER1,8876.22110443597,59118.8283232065,167093.923733521,-21.162404113339,-107.474587403737,40.9031593370396,293.897327860601,2009.78549265905
matrix,ER1,-0.285049833506864,-28.4545656411878,-21.162404113339,0.105515087972172,0.0303159530268441,-0.0322750189877094,-0.853207461785474,-0.421194006302765
matrix,ER1,0.503415472935021,-41.7514508149346,-107.474587403737,0.0303159530268441,0.200792047104783,-0.0987441596485721,0.833446596062102,-3.15603682905026
matrix,ER1,7.00768740107806,45.4638551279732,40.9031593370396,-0.0322750189877094,-0.0987441596485721,0.166370222847077,-0.359287602726668,2.16331415642859
matrix,ER1,-116.596696989212,115.601932938855,293.897327860601,-0.853207461785474,0.833446596062102,-0.359287602726668,37.2836616711476,-15.607029687897
matrix,ER1,55.4123785194117,536.460852312524,2009.78549265905,-0.421194006302765,-3.15603682905026,2.16331415642859,-15.607029687897,72.7110409277745
matrix,AW1,25361.7370428747,11991.4136119779,15681.1151220106,1.88190654013104,13.8563129341728,8.40998773065111,-213.203370347461,81.3700833740787
matrix,AW1,11991.4136119779,22478.0063946151,21538.3610644212,0.247247357152606,7.80835566734917,8.05774174426699,31.8503706622304,-80.7790345798526
matrix,AW1,15681.1151220106,21538.3610644212,75176.8801169692,-1.36425671653472,2.12761211659387,2.4402020284944,111.716951983131,278.698201869779
matrix,AW1,1.88190654013104,0.247247357152606,-1.36425671653472,0.0676640282127582,-0.00275664443875694,0.0125183886684412,-0.887082972048981,0.152393498366093
matrix,AW1,13.8563129341728,7.80835566734917,2.12761211659387,-0.00275664443875694,0.0547736110362635,0.00928420495529621,0.499121324525548,-0.401262671704545
matrix,AW1,8.40998773065111,8.05774174426699,2.4402020284944,0.0125183886684412,0.00928420495529621,0.0692077930917281,-0.117916183070912,0.619100324554668
matrix,AW1,-213.203370347461,31.8503706622304,111.716951983131,-0.887082972048981,0.499121324525548,-0.117916183070912,29.4745131319297,-10.1460395381265
matrix,AW1,81.3700833740787,-80.7790345798526,278.698201869779,0.152393498366093,-0.401262671704545,0.619100324554668,-10.1460395381265,24.5687183635872
matrix,UH1,2069.4523621598,4304.84257735331,5094.67390252185,0.709431536329588,0.66987925692884,-0.729399163046192,10.3909219324594,-51.507021474407
matrix,UH1,4304.84257735331,50368.0350117853,14756.7784338077,-8.80450143520599,4.35864123745318,4.05354296828964,76.00398485593,-629.054612971286
matrix,UH1,5094.67390252185,14756.7784338077,101886.997340774,3.57295603220973,-21.4435228659176,-5.40184337553059,797.549038725593,209.014874635456
matrix,UH1,0.709431536329588,-8.80450143520599,3.57295603220973,0.0808648136629214,0.0130173224494382,0.000388709632958806,-0.668123418681648,-0.125013005543071
matrix,UH1,0.66987925692884,4.35864123745318,-21.4435228659176,0.0130173224494382,0.0884411213932584,0.00701631088389514,0.526293018861423,-0.943271892883895
matrix,UH1,-0.729399163046192,4.05354296828964,-5.40184337553059,0.000388709632958806,0.00701631088389514,0.0834862731635456,-0.0180765018926341,0.558838349675406
matrix,UH1,10.3909219324594,76.00398485593,797.549038725593,-0.668123418681648,0.526293018861423,-0.0180765018926341,32.9086075168152,-4.87940475560549
matrix,UH1,-51.507021474407,-629.054612971286,209.014874635456,-0.125013005543071,-0.943271892883895,0.558838349675406,-4.87940475560549,32.3408750229463
