type,phone,F1_0.33,F2_0.33,F3_0.33,B1_0.33,B2_0.33,B3_0.33,A1A2diff_0.33,A2A3diff_0.33
means,AA1,735.591334134615,1348.78029447115,2426.81981971154,2.22187127403846,2.36322992788462,2.54520877403846,7.92815432692308,13.4830347956731
means,AE1,705.022909144717,1935.70008878366,2775.05823320509,2.182362059781,2.33578712636875,2.56302616158627,11.6808910624445,7.25923329387393
means,AH1,642.328345008757,1529.71223292469,2683.56331873905,2.14767939287799,2.41340963222417,2.58336646234676,13.8117998832458,10.8015035318155
means,AO1,623.566188299817,1120.97236745887,2469.80834552102,2.19266608775137,2.34850667276051,2.59886864716636,8.48260786106033,19.087786654479
means,AW1,770.817809139785,1532.59963709677,2541.43212365591,2.24510712365591,2.35470053763441,2.57579341397849,8.63995779569892,11.4818352150538
means,AY1,751.969182513661,1650.90679781421,2582.81821420765,2.20498170491803,2.37628120218579,2.54860041530055,10.2531201092896,8.27353232786885
means,EH1,588.665858085809,1945.08222359736,2784.69969884488,2.06344583333333,2.33384166666667,2.53207632013201,15.4057736386139,6.38021307755776
means,ER1,562.975193075899,1553.59850865513,2354.04272969374,2.14054154460719,2.44232490013316,2.67518774966711,13.3095239680426,9.50180639147803
means,EY1,512.252159806295,2216.24050363196,2889.5245472155,2.01582072639225,2.40203118644068,2.49646305084746,17.9931913801453,2.11679307506053
means,IH1,485.853467479675,2127.07649186992,2871.14181300813,1.98725658536585,2.36914451219512,2.51488390243902,18.8522422764228,3.81726528455285
means,IY1,412.485359560068,2200.58579949239,2891.3449534687,2.01463917089679,2.54220139593909,2.48689708121827,23.0400269458545,-0.236251818950931
means,OW1,569.154422161795,1250.7413664174,2539.90717539089,2.21731855880354,2.47411709721278,2.63745421481985,12.8865196125085,14.5620651257648
means,OY1,588.732173913044,1308.05086956522,2865.32608695652,2.29837391304348,2.55602608695652,2.71362173913043,13.448547826087,16.3592217391304
means,UH1,482.224390243902,1454.47713414634,2605.45390243902,1.94464573170732,2.43704146341463,2.55998932926829,19.4998926829268,9.43836371951219
means,UW1,422.40648480663,1663.52169198895,2598.17241022099,1.99010400552486,2.52874841160221,2.57025124309392,22.4942913674033,5.29694074585635
matrix,IH1,8430.62724592208,4356.60669740722,9798.45799814357,7.48200822583442,1.93399899402642,2.2670125906109,-229.135276607815,41.440680755235
matrix,IH1,4356.60669740722,84593.4503839873,66430.2950831827,-11.8878256582628,-13.1666048112484,8.03792828144695,-221.142730914662,26.2411606581561
matrix,IH1,9798.45799814357,66430.2950831827,97772.5299768662,-5.40323285130977,-15.1489573450689,3.74260806823714,-145.586285405674,166.766825567642
matrix,IH1,7.48200822583442,-11.8878256582628,-5.40323285130977,0.106211434438112,0.0187181823602694,0.0122518632089388,-1.18597377637856,-0.116426141955108
matrix,IH1,1.93399899402642,-13.1666048112484,-15.1489573450689,0.0187181823602694,0.0730495529954919,-0.000455366286017517,0.875853348658289,-0.894623590910394
matrix,IH1,2.2670125906109,8.03792828144695,3.74260806823714,0.0122518632089388,-0.000455366286017517,0.0480281736813894,-0.0774416820316607,0.650976223593033
matrix,IH1,-229.135276607815,-221.142730914662,-145.586285405674,-1.18597377637856,0.875853348658289,-0.0774416820316607,58.0900274436451,-13.3797526033345
matrix,IH1,41.440680755235,26.2411606581561,166.766825567642,-0.116426141955108,-0.894623590910394,0.650976223593033,-13.3797526033345,29.4318682768505
matrix,AH1,16455.5518579609,9954.68753703962,15269.1543103408,4.35954227333069,-2.84267253587892,2.68517562389533,-346.929129954938,179.840307508037
matrix,AH1,9954.68753703962,64173.1380774943,44441.7306302808,-12.7577177037534,-4.07698589100336,5.11369499403301,363.806142209312,-579.008429154166
matrix,AH1,15269.1543103408,44441.7306302808,123098.905674501,-9.80580579056847,-19.6974744711003,-6.8789600524604,12.3835630838912,260.241098186524
matrix,AH1,4.35954227333069,-12.7577177037534,-9.80580579056847,0.0919536068920109,0.0112477696759226,0.0104989195335012,-1.06832085482576,0.0705648206976193
matrix,AH1,-2.84267253587892,-4.07698589100336,-19.6974744711003,0.0112477696759226,0.0654571418458793,0.00548769535963286,0.825037861533972,-0.957293594836949
matrix,AH1,2.68517562389533,5.11369499403301,-6.8789600524604,0.0104989195335012,0.00548769535963286,0.0505360367931456,0.053745153088054,0.63449293675206
matrix,AH1,-346.929129954938,363.806142209312,12.3835630838912,-1.06832085482576,0.825037861533972,0.053745153088054,46.7917179609868,-22.3078018595879
matrix,AH1,179.840307508037,-579.008429154166,260.241098186524,0.0705648206976193,-0.957293594836949,0.63449293675206,-22.3078018595879,47.4609434025306
matrix,AE1,25289.2938745125,3936.28549687012,10524.9062055262,0.224152635865113,-0.448656408659622,4.95330412546821,-342.656798084708,206.667365212469
matrix,AE1,3936.28549687012,86350.6202109453,73427.9766759118,-4.95125246021845,1.41692645614627,12.2378453082154,396.449283406951,-317.023541814384
matrix,AE1,10524.9062055262,73427.9766759118,118380.76814297,-6.15366310020814,-3.66623234720414,0.195555199284983,322.392826221031,-33.004532743113
matrix,AE1,0.224152635865113,-4.95125246021845,-6.15366310020814,0.0894190518460817,0.019644402279337,0.00818007043040715,-0.813982385567139,-0.214596194594945
matrix,AE1,-0.448656408659622,1.41692645614627,-3.66623234720414,0.019644402279337,0.0552017459532259,0.00217473850444908,0.608878131948258,-0.711548542463504
matrix,AE1,4.95330412546821,12.2378453082154,0.195555199284983,0.00818007043040715,0.00217473850444908,0.0444589608014552,0.0620202979869982,0.535244572814334
matrix,AE1,-342.656798084708,396.449283406951,322.392826221031,-0.813982385567139,0.608878131948258,0.0620202979869982,47.1469505501865,-12.1891247365348
matrix,AE1,206.667365212469,-317.023541814384,-33.004532743113,-0.214596194594945,-0.711548542463504,0.535244572814334,-12.1891247365348,29.2593731796698
matrix,AO1,21326.9940274522,23822.0073980533,22306.9430105223,-3.41395312846668,0.237558265165061,0.550113139303461,-92.6178629700086,-170.07041579291
matrix,AO1,23822.0073980533,59606.9320561466,26425.7723896478,-10.6425875097596,15.2205334754964,2.61177795352593,511.936891223824,-1194.19720574514
matrix,AO1,22306.9430105223,26425.7723896478,147571.227051698,-8.52515182102577,-27.7654426916032,-4.98167531724486,-258.131816644805,762.00775982145
matrix,AO1,-3.41395312846668,-10.6425875097596,-8.52515182102577,0.0688003604134086,-0.00612605028585598,0.00600591838683428,-0.85675456562521,0.215117457305472
matrix,AO1,0.237558265165061,15.2205334754964,-27.7654426916032,-0.00612605028585598,0.0714900232216732,0.00234859960555872,1.04441285879471,-1.54841001716613
matrix,AO1,0.550113139303461,2.61177795352593,-4.98167531724486,0.00600591838683428,0.00234859960555872,0.0437096732612972,0.0656857528633434,0.621542807074335
matrix,AO1,-92.6178629700086,511.936891223824,-258.131816644805,-0.85675456562521,1.04441285879471,0.0656857528633434,37.9918642627195,-30.4221301722189
matrix,AO1,-170.07041579291,-1194.19720574514,762.00775982145,0.215117457305472,-1.54841001716613,0.621542807074335,-30.4221301722189,78.1442113354302
matrix,AW1,19940.389160335,13462.0881424071,17887.1762442282,0.880728404591601,1.09735167278108,4.49902193709931,-214.21433004279,109.786575275102
matrix,AW1,13462.0881424071,58214.9341574724,48367.7192412832,-5.9836793554194,1.87597001769201,11.4052728549418,362.690490471877,-429.71267795221
matrix,AW1,17887.1762442282,48367.7192412832,128445.137332227,-9.43362771635986,-3.05569430666146,3.15052946084241,412.167026349506,210.307543122961
matrix,AW1,0.880728404591601,-5.9836793554194,-9.43362771635986,0.0805472704606253,-0.00307498767543669,0.00483517641306314,-1.08438342855494,0.0435396490085602
matrix,AW1,1.09735167278108,1.87597001769201,-3.05569430666146,-0.00307498767543669,0.0610283268637752,-0.000126853428486663,0.902689384073865,-0.856183626990695
matrix,AW1,4.49902193709931,11.4052728549418,3.15052946084241,0.00483517641306314,-0.000126853428486663,0.0496015592701595,0.0774116630998639,0.639572395723491
matrix,AW1,-214.21433004279,362.690490471877,412.167026349506,-1.08438342855494,0.902689384073865,0.0774116630998639,46.098049658674,-16.5734060096962
matrix,AW1,109.786575275102,-429.71267795221,210.307543122961,0.0435396490085602,-0.856183626990695,0.639572395723491,-16.5734060096962,40.2343670248148
matrix,OW1,14503.2701459938,13644.1962993958,10274.585077133,0.264683778153677,-1.1410856798486,2.10643643817246,-210.241717650513,23.5599034487296
matrix,OW1,13644.1962993958,68229.1695073468,27890.7122340547,-7.69381432866589,15.939216357793,5.35949164401783,679.465338244188,-1292.85922979014
matrix,OW1,10274.585077133,27890.7122340547,128378.474338194,-20.2723499465407,-21.7630535372058,-5.46652361525836,228.839455740558,621.391726421352
matrix,OW1,0.264683778153677,-7.69381432866589,-20.2723499465407,0.0907926987646002,0.00397352074685215,0.00695264879288366,-1.04937742177859,-0.139254493602811
matrix,OW1,-1.1410856798486,15.939216357793,-21.7630535372058,0.00397352074685215,0.0787212595001735,0.00720316579496585,1.139242883517,-1.61640394121925
matrix,OW1,2.10643643817246,5.35949164401783,-5.46652361525836,0.00695264879288366,0.00720316579496585,0.0404247216330283,0.0834474259441703,0.451912231408514
matrix,OW1,-210.241717650513,679.465338244188,228.839455740558,-1.04937742177859,1.139242883517,0.0834474259441703,49.6811166762728,-33.0901039532702
matrix,OW1,23.5599034487296,-1292.85922979014,621.391726421352,-0.139254493602811,-1.61640394121925,0.451912231408514,-33.0901039532702,75.9856606445569
matrix,UW1,5918.52385598318,1998.90334658758,4269.38975996408,0.757762466059517,-1.73981116972007,0.745585634987801,-169.095729446399,89.3610436809927
matrix,UW1,1998.90334658758,130096.446246271,55716.9582188631,-23.6188698899886,2.11328738244062,-6.7051790805429,1070.95611892823,-1715.47860390797
matrix,UW1,4269.38975996408,55716.9582188631,78031.4696957072,-23.8397267228606,-8.89145262401969,-4.12292688033061,645.174574226764,-283.961836370562
matrix,UW1,0.757762466059517,-23.6188698899886,-23.8397267228606,0.0974351929348777,0.0111516509600641,0.00919130455617834,-1.38760988288178,0.0771514473073075
matrix,UW1,-1.73981116972007,2.11328738244062,-8.89145262401969,0.0111516509600641,0.061414731068657,4.02596598888141e-05,0.881267439112056,-1.04027289661803
matrix,UW1,0.745585634987801,-6.7051790805429,-4.12292688033061,0.00919130455617834,4.02596598888141e-05,0.0473778246978317,-0.0106744120936153,0.774339514938948
matrix,UW1,-169.095729446399,1070.95611892823,645.174574226764,-1.38760988288178,0.881267439112056,-0.0106744120936153,65.4389332428349,-29.320833554147
matrix,UW1,89.3610436809927,-1715.47860390797,-283.961836370562,0.0771514473073075,-1.04027289661803,0.774339514938948,-29.320833554147,60.89754279932
matrix,UH1,4429.11517088088,2683.40838601477,7319.3933785336,1.15177827567688,-2.86889608473186,2.15755581763258,-160.230404741478,110.082756321847
matrix,UH1,2683.40838601477,86056.0408370217,14934.6595127471,-4.51182558107705,7.66650958402327,2.30849584700157,743.568308061535,-1436.41478120215
matrix,UH1,7319.3933785336,14934.6595127471,68395.2666648467,-3.90778656127396,-18.576035948236,-6.53114040165585,-93.7295213291564,286.812946631312
matrix,UH1,1.15177827567688,-4.51182558107705,-3.90778656127396,0.0591575397370776,0.00307621861788617,0.00738060850171552,-0.675332726973223,0.128729091664243
matrix,UH1,-2.86889608473186,7.66650958402327,-18.576035948236,0.00307621861788617,0.0732880003550384,0.00261407610129037,1.00208384363765,-1.1358150289498
matrix,UH1,2.15755581763258,2.30849584700157,-6.53114040165585,0.00738060850171552,0.00261407610129037,0.0594854898857873,0.0182308868329978,0.688874405697304
matrix,UH1,-160.230404741478,743.568308061535,-93.7295213291564,-0.675332726973223,1.00208384363765,0.0182308868329978,42.3080987746864,-30.2051783547311
matrix,UH1,110.082756321847,-1436.41478120215,286.812946631312,0.128729091664243,-1.1358150289498,0.688874405697304,-30.2051783547311,62.4594684789549
matrix,EY1,7938.36847023608,6971.44213418304,9996.56317786793,2.26590981906991,2.19799532844403,1.83136947519051,-151.337146053564,31.5262061302738
matrix,EY1,6971.44213418304,72385.1427316261,62403.1714295402,2.77743597986655,0.596888704731638,8.66818129429608,-296.67897034837,-34.0231302799409
matrix,EY1,9996.56317786793,62403.1714295402,89047.4906061054,3.45363548274185,-1.86276172908947,2.84288099803902,-135.91515006156,11.069328079954
matrix,EY1,2.26590981906991,2.77743597986655,3.45363548274185,0.0837174841438519,0.0130554113203587,0.0112818294580541,-0.870787987994705,-0.00367127434283554
matrix,EY1,2.19799532844403,0.596888704731638,-1.86276172908947,0.0130554113203587,0.0713820690753843,-0.000381226778330705,0.840119752982131,-0.841847479803311
matrix,EY1,1.83136947519051,8.66818129429608,2.84288099803902,0.0112818294580541,-0.000381226778330705,0.0420000201602615,-0.0671559257014026,0.578361982471719
matrix,EY1,-151.337146053564,-296.67897034837,-135.91515006156,-0.870787987994705,0.840119752982131,-0.0671559257014026,52.4856098549838,-12.1863296257768
matrix,EY1,31.5262061302738,-34.0231302799409,11.069328079954,-0.00367127434283554,-0.841847479803311,0.578361982471719,-12.1863296257768,25.6367663388619
matrix,IY1,5693.83295928666,2946.32162506155,3828.10035972897,1.54672697659955,-0.37239738877975,0.613957914930581,-162.64770406111,12.4318809574888
matrix,IY1,2946.32162506155,158354.864988231,113721.357045107,-2.34433544605713,-44.4597837537615,19.5225820478275,-1078.2381010954,457.606319326465
matrix,IY1,3828.10035972897,113721.357045107,123403.746819845,4.60499549314803,-23.1010215515643,16.6069995311803,-336.45286335613,163.238411489547
matrix,IY1,1.54672697659955,-2.34433544605713,4.60499549314803,0.109155125210654,0.00805807680098859,0.00434590498107456,-1.30486938827981,-0.0701375636443357
matrix,IY1,-0.37239738877975,-44.4597837537615,-23.1010215515643,0.00805807680098859,0.0774748774969926,-0.01896995683892,1.32239635718201,-1.13957938030004
matrix,IY1,0.613957914930581,19.5225820478275,16.6069995311803,0.00434590498107456,-0.01896995683892,0.0492913208336269,-0.190906755287378,0.86743108705986
matrix,IY1,-162.64770406111,-1078.2381010954,-336.45286335613,-1.30486938827981,1.32239635718201,-0.190906755287378,73.8698798621555,-19.2114803053107
matrix,IY1,12.4318809574888,457.606319326465,163.238411489547,-0.0701375636443357,-1.13957938030004,0.86743108705986,-19.2114803053107,33.6804169885071
matrix,AY1,21962.7672767693,7577.06229108523,15802.3556360562,3.89709281910284,-0.825467070682952,6.79034590414369,-317.490477839045,257.274835915371
matrix,AY1,7577.06229108523,76249.5353095732,59346.5632144377,-13.7460171934899,-7.76012301014167,13.0690271882563,519.546400801618,-390.903509797638
matrix,AY1,15802.3556360562,59346.5632144377,131561.10493977,-7.77637989188256,-12.881347724875,5.217150130169,311.870852748424,235.242774840428
matrix,AY1,3.89709281910284,-13.7460171934899,-7.77637989188256,0.0851482300478141,0.000775055593927186,0.00943467188997828,-1.11975068504522,0.168323341651911
matrix,AY1,-0.825467070682952,-7.76012301014167,-12.881347724875,0.000775055593927186,0.0599082744213791,-0.00280890627990471,0.792626142017796,-0.808535837422344
matrix,AY1,6.79034590414369,13.0690271882563,5.217150130169,0.00943467188997828,-0.00280890627990471,0.0470945717510299,-0.0595329945732855,0.663786904984385
matrix,AY1,-317.490477839045,519.546400801618,311.870852748424,-1.11975068504522,0.792626142017796,-0.0595329945732855,46.3202580731548,-19.998381344544
matrix,AY1,257.274835915371,-390.903509797638,235.242774840428,0.168323341651911,-0.808535837422344,0.663786904984385,-19.998381344544,39.3769632975751
matrix,AA1,21344.4189189647,15612.3805068228,24788.0295515937,2.77446803173279,-2.72955779100415,4.79669534246641,-249.913874568614,181.08017268536
matrix,AA1,15612.3805068228,68634.9191406829,54110.1412772028,-14.2659086036827,4.01435145720706,14.6767403948892,627.451866321335,-639.651244211094
matrix,AA1,24788.0295515937,54110.1412772028,173369.183410671,-25.5958828903294,-14.8985595279745,13.4718736714565,543.545311991761,694.645439864365
matrix,AA1,2.77446803173279,-14.2659086036827,-25.5958828903294,0.0772869490239922,-0.00350758526725623,0.00432532590462961,-1.13845926570245,0.130189611102365
matrix,AA1,-2.72955779100415,4.01435145720706,-14.8985595279745,-0.00350758526725623,0.0677706426996941,0.00211701213051887,1.00733727468702,-1.15640075599689
matrix,AA1,4.79669534246641,14.6767403948892,13.4718736714565,0.00432532590462961,0.00211701213051887,0.0591441557137096,0.19859533991992,0.751247965587482
matrix,AA1,-249.913874568614,627.451866321335,543.545311991761,-1.13845926570245,1.00733727468702,0.19859533991992,47.1964318479067,-22.424659456678
matrix,AA1,181.08017268536,-639.651244211094,694.645439864365,0.130189611102365,-1.15640075599689,0.751247965587482,-22.424659456678,56.0766027351866
matrix,EH1,11343.6165622844,5937.74866670446,11137.5985637129,3.90125804918146,-0.244300325904526,2.65529871203224,-231.902758329207,94.1772280632681
matrix,EH1,5937.74866670446,111209.41614755,83003.7267582019,-7.65204921050007,-6.1848733390769,6.56156668288671,255.467800042958,-560.683635046838
matrix,EH1,11137.5985637129,83003.7267582019,124735.066930285,-3.06510602374811,-13.1928403456803,-1.92612596668853,212.996584494328,-105.213019575094
matrix,EH1,3.90125804918146,-7.65204921050007,-3.06510602374811,0.091132495905042,0.0117949274043885,0.00927826308742606,-0.875421356723586,-0.0273477292830857
matrix,EH1,-0.244300325904526,-6.1848733390769,-13.1928403456803,0.0117949274043885,0.0667367688038245,-0.000831186895721557,0.915682670512794,-0.801120394544298
matrix,EH1,2.65529871203224,6.56156668288671,-1.92612596668853,0.00927826308742606,-0.000831186895721557,0.0501729224600807,-0.0382164695638232,0.681024072352725
matrix,EH1,-231.902758329207,255.467800042958,212.996584494328,-0.875421356723586,0.915682670512794,-0.0382164695638232,51.1429022598207,-15.8502140042692
matrix,EH1,94.1772280632681,-560.683635046838,-105.213019575094,-0.0273477292830857,-0.801120394544298,0.681024072352725,-15.8502140042692,33.2165564414591
matrix,ER1,10116.7764948627,6855.45023508833,7417.64181447226,2.49847559196804,-0.502129493480692,-1.5048739776316,-227.7943101433,-10.577581742569
matrix,ER1,6855.45023508833,60798.6244100396,51434.989716343,-9.13938863529339,1.89069458251753,16.2124025710395,286.485279635792,-449.909786282455
matrix,ER1,7417.64181447226,51434.989716343,196914.369279339,23.4827345064447,-4.38429866672703,57.8689088894842,872.710370898487,1165.95659525853
matrix,ER1,2.49847559196804,-9.13938863529339,23.4827345064447,0.099900559978411,0.00785244449748779,0.0335531220162805,-0.729173037517071,0.540613411494115
matrix,ER1,-0.502129493480692,1.89069458251753,-4.38429866672703,0.00785244449748779,0.08412989755249,-0.0047538897878917,0.92352384333573,-0.979872728079361
matrix,ER1,-1.5048739776316,16.2124025710395,57.8689088894842,0.0335531220162805,-0.0047538897878917,0.0966864195563959,0.363433390747341,1.1791466420784
matrix,ER1,-227.7943101433,286.485279635792,872.710370898487,-0.729173037517071,0.92352384333573,0.363433390747341,55.1738527232381,-12.8681515046867
matrix,ER1,-10.577581742569,-449.909786282455,1165.95659525853,0.540613411494115,-0.979872728079361,1.1791466420784,-12.8681515046867,50.2126758446258
matrix,OY1,10030.6483905138,8647.98703438735,8671.86137252965,2.72708396837944,-1.36291801383399,1.43238445059288,-271.614449290514,-101.218096731225
matrix,OY1,8647.98703438735,214443.061526482,114713.805867194,-32.2121499762846,57.2603802490118,14.8944111166008,2625.90408704743,-4586.19798692885
matrix,OY1,8671.86137252965,114713.805867194,102818.210179447,2.14852507509881,28.5865165612648,14.234751770751,1421.00454301383,-1966.95644168379
matrix,OY1,2.72708396837944,-32.2121499762846,2.14852507509881,0.107419124743083,-0.0143495006521739,-0.01037705986166,-0.721369421877471,0.640814967411067
matrix,OY1,-1.36291801383399,57.2603802490118,28.5865165612648,-0.0143495006521739,0.116996810197628,0.0312069425889328,1.30500191551383,-2.11500951604743
matrix,OY1,1.43238445059288,14.8944111166008,14.234751770751,-0.01037705986166,0.0312069425889328,0.0793297399604743,0.194503363003952,-0.18556259458498
matrix,OY1,-271.614449290514,2625.90408704743,1421.00454301383,-0.721369421877471,1.30500191551383,0.194503363003952,90.4555315407905,-76.5866828997233
matrix,OY1,-101.218096731225,-4586.19798692885,-1966.95644168379,0.640814967411067,-2.11500951604743,-0.18556259458498,-76.5866828997233,124.95075988996
