type,phone,F1_0.33,F2_0.33,F3_0.33,B1_0.33,B2_0.33,B3_0.33,A1A2diff_0.33,A2A3diff_0.33
means,AA1,703.880025879917,1317.16310170807,2575.13283227231,2.14634761904762,2.26651017080745,2.54884195134576,5.98244472049689,15.3725749611801
means,AE1,675.635939519083,1778.1113121961,2681.50012504202,2.09520187171118,2.3354458003064,2.55589501099047,9.51970731366149,7.75105802304669
means,AH1,635.224458266453,1411.4892752809,2660.58904306605,2.05991231942215,2.27482187800963,2.50608812199037,9.64848003210273,12.6473060513644
means,AO1,615.120219333875,1069.94287246141,2567.02561654993,2.10272255077173,2.25954149471974,2.52959884646629,7.00741121039805,19.6275317952884
means,AW1,719.092010296641,1473.73945329738,2616.95736247544,2.13614243687178,2.27279681294435,2.56715118901692,6.79583141374197,13.0988394957983
means,AY1,710.00613541121,1551.0267044264,2667.60456474607,2.15929905709796,2.31446316134102,2.55895946830801,7.68651129518072,11.014476610791
means,EH1,603.612910314283,1746.11223149647,2655.52766689787,1.9847500894302,2.27320719700196,2.52419248786304,11.0449045229983,8.209822879046
means,ER1,533.895269485904,1440.04141791045,1964.64317041522,1.99587620232172,2.28249365671642,2.49927827529022,9.70419346798453,7.53015848732273
means,EY1,520.707754880694,2031.2963329718,2697.26763224738,1.92254372017354,2.33005172451193,2.51425605206074,13.8662734598698,4.12960738611714
means,IH1,504.972999105546,1911.6521431127,2704.45248101729,1.97548878354204,2.29083584078712,2.49128476744186,14.1309003041145,5.24280958855098
means,IY1,418.001699623806,2167.30911160413,2769.67351527945,2.00121722774187,2.41022136587248,2.50613482203145,17.0553339346002,1.57228937011672
means,OW1,584.374582690037,1225.58717101081,2634.09598688405,2.11015272000727,2.30323175914994,2.52928286259195,9.329434910544,15.4451205430933
means,OY1,564.862234513274,1182.92013274336,2554.14334821429,2.15123761061947,2.38161061946903,2.57955309734513,9.8000219858156,17.3340726950355
means,UH1,510.340385185185,1418.47786666667,2577.4979564572,1.99205506172839,2.29948543209877,2.48339461728395,13.4848493080472,10.6791181445413
means,UW1,429.503018410161,1607.54257314114,2516.77921454545,1.98636630512345,2.42384305694306,2.4791813472242,17.5882613253356,5.83589174521565
matrix,IH1,8864.45876458355,248.386627618286,7250.29235347839,9.89596243726616,3.23134871707315,3.20655966093181,-251.147392884332,67.0600501458709
matrix,IH1,248.386627618286,74224.8823918333,44454.9597254328,-0.900012166358668,-0.500077751472846,4.52463285559,10.1808973544428,-401.221827138731
matrix,IH1,7250.29235347839,44454.9597254328,74043.8572586564,-0.160107133421178,-2.15149428096465,5.8978345685885,191.897960557889,91.0295613219153
matrix,IH1,9.89596243726616,-0.900012166358668,-0.160107133421178,0.106188909871927,0.0152271955377288,0.00475705190082672,-1.45196366098961,-0.147708075930848
matrix,IH1,3.23134871707315,-0.500077751472846,-2.15149428096465,0.0152271955377288,0.0743887063026473,0.0044371297817659,0.72431857338726,-0.813510127677896
matrix,IH1,3.20655966093181,4.52463285559,5.8978345685885,0.00475705190082672,0.0044371297817659,0.0497545945615576,0.0934563511224483,0.592345979332222
matrix,IH1,-251.147392884332,10.1808973544428,191.897960557889,-1.45196366098961,0.72431857338726,0.0934563511224483,73.8623210192538,-13.5895553343246
matrix,IH1,67.0600501458709,-401.221827138731,91.0295613219153,-0.147708075930848,-0.813510127677896,0.592345979332222,-13.5895553343246,43.5096190163788
matrix,AY1,17493.6641046699,4115.68687525828,13244.7713994077,7.79506244311564,-1.83341761351038,2.46694018114502,-393.277346684248,162.552281227923
matrix,AY1,4115.68687525828,48659.1848480681,20094.1647818323,-6.70685019423162,-2.3387058200244,7.11601013081447,170.761638487343,-448.99476032718
matrix,AY1,13244.7713994077,20094.1647818323,101213.604028912,6.34178872288168,-16.8031290336826,5.25967823060627,-123.867396617492,657.077767236364
matrix,AY1,7.79506244311564,-6.70685019423162,6.34178872288168,0.0892921719219698,-0.000301386930866357,0.0070388777199932,-1.12353866849464,0.155723386998083
matrix,AY1,-1.83341761351038,-2.3387058200244,-16.8031290336826,-0.000301386930866357,0.0596500137284433,0.00395081412298849,0.750946230190933,-0.709600271550074
matrix,AY1,2.46694018114502,7.11601013081447,5.25967823060627,0.0070388777199932,0.00395081412298849,0.048864078685598,0.0429554579573193,0.640135797274258
matrix,AY1,-393.277346684248,170.761638487343,-123.867396617492,-1.12353866849464,0.750946230190933,0.0429554579573193,54.4820512388957,-18.2271826926451
matrix,AY1,162.552281227923,-448.99476032718,657.077767236364,0.155723386998083,-0.709600271550074,0.640135797274258,-18.2271826926451,53.6843865586685
matrix,EH1,10871.6466225512,2473.80467052944,9742.59615444727,5.73390909015424,2.45959067381084,2.119055446425,-244.823200265681,77.6110060156227
matrix,EH1,2473.80467052944,72666.3031635569,33933.3141665287,-1.77258532934085,-0.83931561004418,1.92287527229519,58.1887235390784,-636.683248145901
matrix,EH1,9742.59615444727,33933.3141665287,84173.4198339084,-0.989213002217927,-4.48293911638564,3.54459998300242,175.252568479771,242.274330031868
matrix,EH1,5.73390909015424,-1.77258532934085,-0.989213002217927,0.0842245342284375,0.00695431528700627,0.000440044210410375,-1.06359822247458,-0.0981288099777716
matrix,EH1,2.45959067381084,-0.83931561004418,-4.48293911638564,0.00695431528700627,0.067155229467212,0.0022571846716929,0.724444074832074,-0.713588802023954
matrix,EH1,2.119055446425,1.92287527229519,3.54459998300242,0.000440044210410375,0.0022571846716929,0.049560215555222,0.11546925866257,0.660724138732448
matrix,EH1,-244.823200265681,58.1887235390784,175.252568479771,-1.06359822247458,0.724444074832074,0.11546925866257,62.5322068799103,-13.3703080083173
matrix,EH1,77.6110060156227,-636.683248145901,242.274330031868,-0.0981288099777716,-0.713588802023954,0.660724138732448,-13.3703080083173,48.2859731168747
matrix,UH1,7286.39869410747,-1623.20173694869,9111.49720229264,4.85826713795198,-0.581514606517736,0.959784728088275,-236.274344259914,141.583404287344
matrix,UH1,-1623.20173694869,74991.0312222391,6087.34321947355,-10.8988254510418,-1.07528488950508,9.08499528932566,376.816740098236,-894.199621117011
matrix,UH1,9111.49720229264,6087.34321947355,76529.197452455,5.35406726090816,-9.52261364910519,7.77674433720943,-61.3700162673621,620.549960842019
matrix,UH1,4.85826713795198,-10.8988254510418,5.35406726090816,0.0840412566230652,-0.00965353488834906,0.00162270536625245,-1.25204426851241,0.278749398584665
matrix,UH1,-0.581514606517736,-1.07528488950508,-9.52261364910519,-0.00965353488834906,0.0727354867465323,0.00907634084609574,1.0104931299049,-0.770817391348394
matrix,UH1,0.959784728088275,9.08499528932566,7.77674433720943,0.00162270536625245,0.00907634084609574,0.0581893135518,0.172060819134592,0.59518859391019
matrix,UH1,-236.274344259914,376.816740098236,-61.3700162673621,-1.25204426851241,1.0104931299049,0.172060819134592,70.1649072243521,-25.107188183921
matrix,UH1,141.583404287344,-894.199621117011,620.549960842019,0.278749398584665,-0.770817391348394,0.59518859391019,-25.107188183921,61.551957071558
matrix,AE1,16468.5642904638,2525.59615595779,10307.647775363,4.20944646673119,1.81268648298313,4.32696578419922,-314.00305026818,137.557505634632
matrix,AE1,2525.59615595779,62231.2795101572,37097.4209697983,4.62618486131539,2.08470303190814,3.67613364834319,38.6459354638409,-463.647506518116
matrix,AE1,10307.647775363,37097.4209697983,75155.1515843598,2.28702543971806,-2.54330629435382,5.75558968454296,50.7640885477821,171.299191413051
matrix,AE1,4.20944646673119,4.62618486131539,2.28702543971806,0.105561466326125,0.0173507238454977,0.00603076750335988,-1.04491302146112,-0.286142975821065
matrix,AE1,1.81268648298313,2.08470303190814,-2.54330629435382,0.0173507238454977,0.069384592763984,0.00266006829340271,0.70809150586585,-0.84109326023921
matrix,AE1,4.32696578419922,3.67613364834319,5.75558968454296,0.00603076750335988,0.00266006829340271,0.0423005969809303,0.00404125680268357,0.559344137095879
matrix,AE1,-314.00305026818,38.6459354638409,50.7640885477821,-1.04491302146112,0.70809150586585,0.00404125680268357,55.8605125061121,-14.2735995523841
matrix,AE1,137.557505634632,-463.647506518116,171.299191413051,-0.286142975821065,-0.84109326023921,0.559344137095879,-14.2735995523841,44.352067957601
matrix,AA1,14773.6732268756,8120.16966355067,15942.6705309693,4.22175910037968,-1.79501653112684,1.50777838764031,-281.739503705779,106.158668929649
matrix,AA1,8120.16966355067,44734.3404982422,15643.1834880418,0.615895425821431,2.62513798310897,7.89157336992992,120.284459436195,-614.045232624767
matrix,AA1,15942.6705309693,15643.1834880418,112885.517557518,7.63013058388138,-20.2908662366745,8.50463158612728,-280.82481340609,749.839145050475
matrix,AA1,4.22175910037968,0.615895425821431,7.63013058388138,0.0779049255583162,-0.00629650528022889,0.00608284472155026,-0.99241626141855,0.144155255353721
matrix,AA1,-1.79501653112684,2.62513798310897,-20.2908662366745,-0.00629650528022889,0.063219509678304,0.00298080697189292,0.844801264496838,-0.863130997060005
matrix,AA1,1.50777838764031,7.89157336992992,8.50463158612728,0.00608284472155026,0.00298080697189292,0.0548171587840195,0.0753676322797365,0.656015336014597
matrix,AA1,-281.739503705779,120.284459436195,-280.82481340609,-0.99241626141855,0.844801264496838,0.0753676322797365,48.8760704123455,-20.6365272889258
matrix,AA1,106.158668929649,-614.045232624767,749.839145050475,0.144155255353721,-0.863130997060005,0.656015336014597,-20.6365272889258,64.607082600426
matrix,EY1,8112.63144991075,1873.49594619577,6372.8216892181,7.32367779588959,2.28517883628301,2.41033551129512,-245.084061172979,56.4690918535048
matrix,EY1,1873.49594619577,61808.5332425905,43713.964598773,1.27062895684743,4.13831526704619,5.19599687874273,-50.7680055428554,-200.15764781961
matrix,EY1,6372.8216892181,43713.964598773,62805.3256651685,4.10866551209851,3.51189362442143,6.97964228677724,129.868350208084,57.0103631597526
matrix,EY1,7.32367779588959,1.27062895684743,4.10866551209851,0.0965390819853471,0.0150284603521052,-0.00108105751994847,-1.20829312050862,-0.198845561430612
matrix,EY1,2.28517883628301,4.13831526704619,3.51189362442143,0.0150284603521052,0.0708801131769059,-0.00382870202012979,0.770423073488734,-0.858924533218473
matrix,EY1,2.41033551129512,5.19599687874273,6.97964228677724,-0.00108105751994847,-0.00382870202012979,0.0400985127861881,0.0824056890313175,0.597142247713032
matrix,EY1,-245.084061172979,-50.7680055428554,129.868350208084,-1.20829312050862,0.770423073488734,0.0824056890313175,71.6895700276706,-12.8159095770502
matrix,EY1,56.4690918535048,-200.15764781961,57.0103631597526,-0.198845561430612,-0.858924533218473,0.597142247713032,-12.8159095770502,36.7595379043631
matrix,AW1,13881.058400842,7503.12905153125,9931.45009975653,3.98339032379673,-2.24231089943451,1.49393042380181,-272.888061008649,67.3599740867703
matrix,AW1,7503.12905153125,48791.4743301104,21472.3128607865,4.78070929174789,-0.30065550502119,7.12915543401636,56.7769207637397,-537.346703320457
matrix,AW1,9931.45009975653,21472.3128607865,71339.3757595475,4.99234058721338,-10.6685577189655,6.28080782667107,-102.815540600283,378.755802827315
matrix,AW1,3.98339032379673,4.78070929174789,4.99234058721338,0.0835292336645873,-0.00177627965100792,0.00397955816676336,-0.910442294064605,-0.0555023035194564
matrix,AW1,-2.24231089943451,-0.30065550502119,-10.6685577189655,-0.00177627965100792,0.057882651355918,0.00394801534590001,0.762848304417148,-0.611521802081652
matrix,AW1,1.49393042380181,7.12915543401636,6.28080782667107,0.00397955816676336,0.00394801534590001,0.0558650771526514,0.148639785190123,0.674554597625725
matrix,AW1,-272.888061008649,56.7769207637397,-102.815540600283,-0.910442294064605,0.762848304417148,0.148639785190123,48.6934670389235,-14.3162738557919
matrix,AW1,67.3599740867703,-537.346703320457,378.755802827315,-0.0555023035194564,-0.611521802081652,0.674554597625725,-14.3162738557919,51.255352190865
matrix,OW1,12173.0794039141,9838.7301465593,11914.4590339962,4.40661879624296,-1.57817584683532,1.52035662296467,-270.795757426167,40.4215174806767
matrix,OW1,9838.7301465593,57861.2349043854,18694.292472469,-2.1238049854053,4.50031813478216,3.27661611888356,225.870234236194,-905.856700225961
matrix,OW1,11914.4590339962,18694.292472469,76486.0431901605,2.15758198313881,-13.0316004403543,3.28110748291447,-211.137696654552,341.366970197215
matrix,OW1,4.40661879624296,-2.1238049854053,2.15758198313881,0.0884052352060394,-0.00870838856182535,0.0101462788401484,-1.21682762127913,0.338313015137451
matrix,OW1,-1.57817584683532,4.50031813478216,-13.0316004403543,-0.00870838856182535,0.0672399209339022,0.0133020113749025,0.942009019862628,-0.791312341257883
matrix,OW1,1.52035662296467,3.27661611888356,3.28110748291447,0.0101462788401484,0.0133020113749025,0.0549668512982354,0.0582981687720989,0.598958998296791
matrix,OW1,-270.795757426167,225.870234236194,-211.137696654552,-1.21682762127913,0.942009019862628,0.0582981687720989,55.8628338538841,-26.0416452026192
matrix,OW1,40.4215174806767,-905.856700225961,341.366970197215,0.338313015137451,-0.791312341257883,0.598958998296791,-26.0416452026192,65.4892142202186
matrix,IY1,7340.01903875993,-845.074867976221,2715.33514580959,7.82117173576166,5.33874056591624,1.56591397827145,-191.16947544748,-0.850259250163379
matrix,IY1,-845.074867976221,82272.8558188398,48398.368769632,-6.10950525858734,-23.9378170070234,18.2877954199373,-415.202560415515,346.311631792267
matrix,IY1,2715.33514580959,48398.368769632,66494.7826131266,1.33184153184589,-3.14612374750636,12.756060704854,190.750263526934,146.166397878091
matrix,IY1,7.82117173576166,-6.10950525858734,1.33184153184589,0.094743107966801,0.0134605085121694,-0.00607430989883233,-1.25203914376179,-0.225627468995624
matrix,IY1,5.33874056591624,-23.9378170070234,-3.14612374750636,0.0134605085121694,0.0964908744346448,-0.0274606731005232,1.22370892131276,-1.43770667033837
matrix,IY1,1.56591397827145,18.2877954199373,12.756060704854,-0.00607430989883233,-0.0274606731005232,0.0515569802778898,-0.158566905508662,0.987651613392479
matrix,IY1,-191.16947544748,-415.202560415515,190.750263526934,-1.25203914376179,1.22370892131276,-0.158566905508662,86.2028621515221,-22.1725000295098
matrix,IY1,-0.850259250163379,346.311631792267,146.166397878091,-0.225627468995624,-1.43770667033837,0.987651613392479,-22.1725000295098,52.0886244840045
matrix,AO1,16768.0230819076,18400.2245232292,19056.2321759912,4.46251048324506,-2.09918991100972,0.419398922255889,-263.409383570242,-119.459520385115
matrix,AO1,18400.2245232292,45262.7172553963,27494.4951480057,4.09298955223366,6.94791877447592,2.83512235412708,47.6916919791753,-749.207900914043
matrix,AO1,19056.2321759912,27494.4951480057,92994.2285059207,2.12161799599973,-8.82818601488939,4.32273312810561,-202.669458559206,91.565242737088
matrix,AO1,4.46251048324506,4.09298955223366,2.12161799599973,0.0833236041562475,-0.00990619808378968,0.00775338240422341,-1.08116856981228,0.23657421370882
matrix,AO1,-2.09918991100972,6.94791877447592,-8.82818601488939,-0.00990619808378968,0.0788773023419318,0.0103183123530315,1.06864230932228,-0.959822386477171
matrix,AO1,0.419398922255889,2.83512235412708,4.32273312810561,0.00775338240422341,0.0103183123530315,0.0559546978538306,0.0512165169758979,0.64386827462536
matrix,AO1,-263.409383570242,47.6916919791753,-202.669458559206,-1.08116856981228,1.06864230932228,0.0512165169758979,48.0447582463745,-23.3482107096262
matrix,AO1,-119.459520385115,-749.207900914043,91.565242737088,0.23657421370882,-0.959822386477171,0.64386827462536,-23.3482107096262,64.7456650518267
matrix,AH1,13064.8351793074,6853.87730528221,14632.5019873564,7.07449236695842,-1.71621549046128,3.71444646169771,-315.93691690877,129.496945310622
matrix,AH1,6853.87730528221,45678.7480082455,22398.7979748665,-3.33653761414494,-3.71903724342447,5.12920338023455,94.8209170323815,-435.855628124944
matrix,AH1,14632.5019873564,22398.7979748665,85867.3392492329,11.5392448051795,-14.1200069386685,9.77749101979865,-280.04035110645,482.662426830527
matrix,AH1,7.07449236695842,-3.33653761414494,11.5392448051795,0.0910452820830584,-0.000238931821843783,0.0117066928277862,-1.15195979485724,0.239815595625787
matrix,AH1,-1.71621549046128,-3.71903724342447,-14.1200069386685,-0.000238931821843783,0.0630103831518745,0.00886191468835287,0.75488034382112,-0.605599323660641
matrix,AH1,3.71444646169771,5.12920338023455,9.77749101979865,0.0117066928277862,0.00886191468835287,0.0619608161307037,0.00880420184619648,0.764650521064055
matrix,AH1,-315.93691690877,94.8209170323815,-280.04035110645,-1.15195979485724,0.75488034382112,0.00880420184619648,53.4866605601596,-19.9460230145843
matrix,AH1,129.496945310622,-435.855628124944,482.662426830527,0.239815595625787,-0.605599323660641,0.764650521064055,-19.9460230145843,52.8875026147687
matrix,ER1,8339.85599083655,3526.83555308443,8290.33547144825,6.96705254782823,0.943750848284761,0.463211787579236,-208.765112489969,60.2658117483363
matrix,ER1,3526.83555308443,33404.2730894371,30900.4405074273,-2.2261022573996,-0.362603732919959,14.4352997678661,101.534285304325,-101.864672236759
matrix,ER1,8290.33547144825,30900.4405074273,88501.9356083463,-0.183975974832699,1.61847425061813,42.1683095657167,545.084302237674,739.578912121685
matrix,ER1,6.96705254782823,-2.2261022573996,-0.183975974832699,0.0788104875197632,0.00306702567862063,-0.00476698174548285,-1.08920352624939,-0.0328695670449595
matrix,ER1,0.943750848284761,-0.362603732919959,1.61847425061813,0.00306702567862063,0.0778689547511385,-0.00628001982465482,0.830939416206539,-0.863349374464095
matrix,ER1,0.463211787579236,14.4352997678661,42.1683095657167,-0.00476698174548285,-0.00628001982465482,0.104370721057295,0.676711107670321,1.23049479393401
matrix,ER1,-208.765112489969,101.534285304325,545.084302237674,-1.08920352624939,0.830939416206539,0.676711107670321,63.7573183122436,-9.18507039910886
matrix,ER1,60.2658117483363,-101.864672236759,739.578912121685,-0.0328695670449595,-0.863349374464095,1.23049479393401,-9.18507039910886,49.4245899021264
matrix,UW1,8066.73246132288,-1375.99570007287,6911.6259370981,7.11805826617745,-0.408477776020613,2.85347006858606,-298.980790480432,154.784990294964
matrix,UW1,-1375.99570007287,111643.202358416,28722.0224359267,-21.1463906715894,-2.95786971893953,6.11532556635849,574.709781068478,-1190.05753858987
matrix,UW1,6911.6259370981,28722.0224359267,60862.2223957688,-2.01001630494952,-4.08549140898722,10.9665987686779,129.492314677901,232.318109522177
matrix,UW1,7.11805826617745,-21.1463906715894,-2.01001630494952,0.100158380081263,-0.00285784524351923,0.000545674207662932,-1.57483398897345,0.273903398792846
matrix,UW1,-0.408477776020613,-2.95786971893953,-4.08549140898722,-0.00285784524351923,0.070352191438774,0.00388953121643661,0.987329917879949,-0.82451102679126
matrix,UW1,2.85347006858606,6.11532556635849,10.9665987686779,0.000545674207662932,0.00388953121643661,0.0546081758654945,0.084433080607917,0.636024479802741
matrix,UW1,-298.980790480432,574.709781068478,129.492314677901,-1.57483398897345,0.987329917879949,0.084433080607917,78.049681859642,-27.8005084108102
matrix,UW1,154.784990294964,-1190.05753858987,232.318109522177,0.273903398792846,-0.82451102679126,0.636024479802741,-27.8005084108102,61.3781587839631
matrix,OY1,8778.2269862724,4409.4901383871,1452.34305189964,1.33843858853047,-0.366432833512545,5.9191361702509,-172.33622171147,130.858600692115
matrix,OY1,4409.4901383871,45667.2930302663,12402.5895558525,-2.3584348437276,7.46285417278546,8.73503572068612,469.083709841526,-757.979064890374
matrix,OY1,1452.34305189964,12402.5895558525,73085.1523094931,-5.26564276415771,-9.56369299329237,0.265373081413212,263.562942859703,73.4597942697389
matrix,OY1,1.33843858853047,-2.3584348437276,-5.26564276415771,0.0657543842724014,-0.0103659137383513,0.00149261548387097,-0.892672644767025,0.167964146939068
matrix,OY1,-0.366432833512545,7.46285417278546,-9.56369299329237,-0.0103659137383513,0.0785319781350487,0.0149341455440348,0.892690336002304,-0.74945248318766
matrix,OY1,5.9191361702509,8.73503572068612,0.265373081413212,0.00149261548387097,0.0149341455440348,0.0584027192396313,0.0894054219943677,0.499714698302611
matrix,OY1,-172.33622171147,469.083709841526,263.562942859703,-0.892672644767025,0.892690336002304,0.0894054219943677,49.3759558525832,-24.7119716613594
matrix,OY1,130.858600692115,-757.979064890374,73.4597942697389,0.167964146939068,-0.74945248318766,0.499714698302611,-24.7119716613594,66.013887793042
