type,phone,F1_0.33,F2_0.33,F3_0.33,B1_0.33,B2_0.33,B3_0.33,A1A2diff_0.33,A2A3diff_0.33
means,AA1,720.823847912222,1248.1158975922,2476.78466930814,2.12922197500762,2.2399393934776,2.47679321853094,6.70068287107589,17.5248216549832
means,AE1,682.333242114059,1824.1583716315,2638.91685084604,2.06464775433466,2.27222662419052,2.48760634008774,10.326416973052,7.77190052224775
means,AH1,656.637452050752,1420.86004868693,2726.10131159634,2.07788933313662,2.28948828562998,2.49323375627029,11.524931085866,13.1928743287105
means,AO1,623.445381458683,1046.98685133371,2535.72376608842,2.10164314493565,2.22234920723746,2.49839619473979,7.32889080395449,22.3579374183921
means,AW1,765.091570055345,1523.51749198951,2551.37836877367,2.12014281969123,2.27564005243228,2.53877896883193,8.03971616661812,12.6876937955141
means,AY1,734.06338090384,1562.78860346585,2620.21986974742,2.09729327217125,2.26663992524635,2.51471872239212,9.82714435383396,11.0694501076
means,EH1,616.289471394037,1771.22355680903,2702.95903626108,1.97501123287671,2.225488638195,2.45643216760677,12.6251619822724,8.15289732473811
means,ER1,543.376958333333,1484.87750833333,2075.34915,2.12332225,2.30385108333333,2.63256825,10.8972861666667,9.26354066666667
means,EY1,534.642541415663,2119.58673004518,2804.26710466867,1.95852782379518,2.26089548192771,2.46167202560241,14.684825188253,3.8376922251506
means,IH1,512.589000518762,1961.46659692201,2797.33382327512,1.99071336676466,2.25561978212001,2.42385106346187,16.0727162372471,4.78928919246066
means,IY1,403.422122153209,2303.85439440994,2863.38520876467,2.00430489993099,2.3471413216011,2.46157694962043,19.2013971187026,1.27789497929607
means,OW1,586.407962828517,1313.4511441847,2644.17526208799,2.07758013648904,2.29603322201249,2.48619699433716,11.9074223754901,14.6361591839698
means,OY1,557.734436519258,1232.60718972896,2610.13485021398,2.11877104136947,2.3276820256776,2.57103880171184,13.0975279600571,15.0216539229672
means,UH1,514.195059989567,1365.27151799687,2620.20005216484,1.99225852895149,2.23290375586854,2.45195326030256,14.1229106937924,13.0828592592593
means,UW1,426.542157073696,1685.93159494352,2538.35855029586,1.9512530661646,2.3553398063475,2.44538442711135,19.4940984938139,5.6996230500269
matrix,AH1,17351.3671184443,11218.9234367037,18629.1391726651,6.04836367770153,1.89174608952233,5.78448333701797,-286.372113433252,118.766644689783
matrix,AH1,11218.9234367037,55677.707612968,25388.5709686096,-4.13957999284048,5.3118859666321,7.942800960729,264.618653995535,-715.184789928365
matrix,AH1,18629.1391726651,25388.5709686096,109591.099880661,9.95814506076854,2.67211638485181,-0.216020365809834,-80.0518278514613,108.773053673044
matrix,AH1,6.04836367770153,-4.13957999284048,9.95814506076854,0.0802657835766247,0.00103405972746806,0.0105385043973113,-0.939889782215212,0.243741158042492
matrix,AH1,1.89174608952233,5.3118859666321,2.67211638485181,0.00103405972746806,0.0698784593108867,0.00597984904681243,0.808930781206761,-0.867295427929512
matrix,AH1,5.78448333701797,7.942800960729,-0.216020365809834,0.0105385043973113,0.00597984904681243,0.0682098453853571,-0.0350694418507372,0.918329754872892
matrix,AH1,-286.372113433252,264.618653995535,-80.0518278514613,-0.939889782215212,0.808930781206761,-0.0350694418507372,40.6887850924569,-20.4584974740816
matrix,AH1,118.766644689783,-715.184789928365,108.773053673044,0.243741158042492,-0.867295427929512,0.918329754872892,-20.4584974740816,51.1373454305435
matrix,IH1,9723.84399232497,3821.29714282778,11324.8400426493,6.7652478239813,4.19699553585968,2.19383718906033,-207.823228625242,39.158391370898
matrix,IH1,3821.29714282778,87264.2437987249,63881.5081657458,0.940787230207182,10.9760436138554,7.71474194516239,129.908492768514,-487.16079100012
matrix,IH1,11324.8400426493,63881.5081657458,105895.997241883,2.0339721763163,10.8934820559698,-5.17066880785423,331.648646568142,-304.757003281052
matrix,IH1,6.7652478239813,0.940787230207182,2.0339721763163,0.0834543053954945,0.0108436433605746,0.0075573970672422,-0.985793401093936,-0.0108086309987162
matrix,IH1,4.19699553585968,10.9760436138554,10.8934820559698,0.0108436433605746,0.0768551080693403,0.00461800933904185,0.954493930251204,-0.870225889507717
matrix,IH1,2.19383718906033,7.71474194516239,-5.17066880785423,0.0075573970672422,0.00461800933904185,0.0584637697459287,0.0512195448884713,0.694798581250686
matrix,IH1,-207.823228625242,129.908492768514,331.648646568142,-0.985793401093936,0.954493930251204,0.0512195448884713,55.5700647494475,-13.0921035516145
matrix,IH1,39.158391370898,-487.16079100012,-304.757003281052,-0.0108086309987162,-0.870225889507717,0.694798581250686,-13.0921035516145,31.2029865647414
matrix,UW1,6577.95041697613,2903.12566387101,8641.31903126893,5.10838481743593,0.656441028989264,2.54445163892778,-221.892097309637,96.6185513941724
matrix,UW1,2903.12566387101,155781.69005441,62100.7159317452,-8.64974198162022,15.16707455043,-6.4219417897909,865.575633745206,-2200.25565541907
matrix,UW1,8641.31903126893,62100.7159317452,97955.8980528615,-5.64847980225272,7.75000132218354,3.2102905644504,621.132334964725,-324.696828616562
matrix,UW1,5.10838481743593,-8.64974198162022,-5.64847980225272,0.0800023752488689,0.00161096716604994,0.000321821797829144,-1.34607599821706,0.149988641821961
matrix,UW1,0.656441028989264,15.16707455043,7.75000132218354,0.00161096716604994,0.0796441353857037,-0.000544984924727597,1.25585261702258,-1.19142185782658
matrix,UW1,2.54445163892778,-6.4219417897909,3.2102905644504,0.000321821797829144,-0.000544984924727597,0.059232358081337,0.0925136555213322,0.957069174488727
matrix,UW1,-221.892097309637,865.575633745206,621.132334964725,-1.34607599821706,1.25585261702258,0.0925136555213322,71.3905051919267,-30.5100358425184
matrix,UW1,96.6185513941724,-2200.25565541907,-324.696828616562,0.149988641821961,-1.19142185782658,0.957069174488727,-30.5100358425184,70.2270288595842
matrix,AO1,22831.4897330681,26562.6312016864,21130.9394891508,-0.840472774017051,2.5367769793603,1.99564410704884,-148.609403023077,-291.817176045806
matrix,AO1,26562.6312016864,53913.2502993751,21996.8511655544,-4.39983068278237,13.6333704275407,6.59906833372523,199.637253256487,-1028.24498430455
matrix,AO1,21130.9394891508,21996.8511655544,120922.308218333,1.8290492979298,-16.2644891144579,-9.05905806570369,-255.137040789054,354.223130736478
matrix,AO1,-0.840472774017051,-4.39983068278237,1.8290492979298,0.0686862366698837,-0.00437838117194665,0.00796601281905908,-0.800818122644208,0.249206887180061
matrix,AO1,2.5367769793603,13.6333704275407,-16.2644891144579,-0.00437838117194665,0.0741598371602856,0.0140497078234753,0.849557078971253,-1.13563801637332
matrix,AO1,1.99564410704884,6.59906833372523,-9.05905806570369,0.00796601281905908,0.0140497078234753,0.060495251873577,0.0935205447970897,0.592470279455846
matrix,AO1,-148.609403023077,199.637253256487,-255.137040789054,-0.800818122644208,0.849557078971253,0.0935205447970897,30.6486785002979,-19.5622146046241
matrix,AO1,-291.817176045806,-1028.24498430455,354.223130736478,0.249206887180061,-1.13563801637332,0.592470279455846,-19.5622146046241,62.3182061457414
matrix,EY1,9486.54872334605,5323.38773054875,8447.97143142289,5.40116420078681,4.66308059800301,2.82775410387015,-180.346839782723,33.7984400822746
matrix,EY1,5323.38773054875,91675.257134457,72301.2380241589,10.5791497481264,18.1606019006818,8.32439170798055,-54.5778300192958,-396.285678231416
matrix,EY1,8447.97143142289,72301.2380241589,86735.9466279928,10.3036041811203,14.2456372800814,2.04811367459118,91.702590400564,-285.712891001238
matrix,EY1,5.40116420078681,10.5791497481264,10.3036041811203,0.0723198834320548,0.00935316543735099,0.0019495843032604,-0.798451546741259,-0.0728701795614531
matrix,EY1,4.66308059800301,18.1606019006818,14.2456372800814,0.00935316543735099,0.066522370862656,-0.000909812835885058,0.885254205694694,-0.796999727834042
matrix,EY1,2.82775410387015,8.32439170798055,2.04811367459118,0.0019495843032604,-0.000909812835885058,0.042178532295802,-0.00359230576671542,0.606252784171466
matrix,EY1,-180.346839782723,-54.5778300192958,91.702590400564,-0.798451546741259,0.885254205694694,-0.00359230576671542,55.8361867115213,-11.7732104216701
matrix,EY1,33.7984400822746,-396.285678231416,-285.712891001238,-0.0728701795614531,-0.796999727834042,0.606252784171466,-11.7732104216701,26.3065569224457
matrix,OW1,12618.4103225557,12587.7950482069,14366.0426587899,1.92048242220664,1.29491053704688,3.23210152451794,-161.230506648428,-22.8412939016336
matrix,OW1,12587.7950482069,84684.9455929689,26251.4044291511,-16.6552508732901,5.82442925155541,1.32791335691034,600.42604607605,-1491.03378359503
matrix,OW1,14366.0426587899,26251.4044291511,111953.956229611,7.05222077880535,-2.33967907754367,1.78821581018374,-25.6839600088423,209.456684787855
matrix,OW1,1.92048242220664,-16.6552508732901,7.05222077880535,0.0845053861345733,0.000867078711119852,0.0106067373930911,-1.07421404580729,0.455020491733425
matrix,OW1,1.29491053704688,5.82442925155541,-2.33967907754367,0.000867078711119852,0.0770642960875405,0.00990425792298804,0.978041196905386,-1.00468473067983
matrix,OW1,3.23210152451794,1.32791335691034,1.78821581018374,0.0106067373930911,0.00990425792298804,0.0601319312965122,0.0232603186397288,0.82850988020841
matrix,OW1,-161.230506648428,600.42604607605,-25.6839600088423,-1.07421404580729,0.978041196905386,0.0232603186397288,44.3689039433578,-28.7013310885028
matrix,OW1,-22.8412939016336,-1491.03378359503,209.456684787855,0.455020491733425,-1.00468473067983,0.82850988020841,-28.7013310885028,69.4927565485357
matrix,ER1,11758.9685883219,4567.87792519217,6283.24651084028,7.12080865155338,4.87192974600014,-2.11218634519391,-328.852979949534,24.2367138277175
matrix,ER1,4567.87792519217,45184.869829733,42267.5884429178,-1.76295713800876,-11.4061203013018,19.0359741651939,-185.513315273029,-162.948203045377
matrix,ER1,6283.24651084028,42267.5884429178,221890.159779093,19.0299840072519,-39.3014328306047,59.8452990430484,647.951758187565,1975.54271949415
matrix,ER1,7.12080865155338,-1.76295713800876,19.0299840072519,0.0903969854678274,-0.00546710608334028,0.019209863008945,-0.904551688399208,0.431502753181151
matrix,ER1,4.87192974600014,-11.4061203013018,-39.3014328306047,-0.00546710608334028,0.104336338330769,-0.04300675186299,0.467754443651362,-1.25621608950197
matrix,ER1,-2.11218634519391,19.0359741651939,59.8452990430484,0.019209863008945,-0.04300675186299,0.132425601518203,0.439254828609633,1.66161884056664
matrix,ER1,-328.852979949534,-185.513315273029,647.951758187565,-0.904551688399208,0.467754443651362,0.439254828609633,58.0682346119019,-3.87997488361546
matrix,ER1,24.2367138277175,-162.948203045377,1975.54271949415,0.431502753181151,-1.25621608950197,1.66161884056664,-3.87997488361546,65.0806599930237
matrix,EH1,13614.8874792499,7096.70625276698,16909.9108166568,3.22249005590649,5.48609210585643,2.37648880536908,-195.330712444664,49.233987722151
matrix,EH1,7096.70625276698,80669.1389286914,53943.3175070228,2.66391330771928,10.6303462593093,8.87746634913941,73.8030849951727,-678.278676285615
matrix,EH1,16909.9108166568,53943.3175070228,110894.713049007,8.95303446359971,9.8151833041677,-1.77378044723367,93.9941674169333,-197.175461484687
matrix,EH1,3.22249005590649,2.66391330771928,8.95303446359971,0.0729159726510426,0.00792893794679526,0.0018172720902511,-0.760517025735036,-0.0993573208983775
matrix,EH1,5.48609210585643,10.6303462593093,9.8151833041677,0.00792893794679526,0.0677580025675359,0.000169652915508748,0.780424373120527,-0.856642597920472
matrix,EH1,2.37648880536908,8.87746634913941,-1.77378044723367,0.0018172720902511,0.000169652915508748,0.0536688143487018,0.07146200297362,0.68404005170277
matrix,EH1,-195.330712444664,73.8030849951727,93.9941674169333,-0.760517025735036,0.780424373120527,0.07146200297362,46.2893469434368,-11.2701287572697
matrix,EH1,49.233987722151,-678.278676285615,-197.175461484687,-0.0993573208983775,-0.856642597920472,0.68404005170277,-11.2701287572697,36.0330355071108
matrix,AA1,16629.3144202927,14002.3612990833,18627.7048283188,2.30020281285338,3.20141033856343,4.09807812593082,-121.030612397271,10.5633659901252
matrix,AA1,14002.3612990833,53608.0158778484,21414.0163939335,2.53758879325822,10.0489446565268,17.5098724096087,218.845000075581,-818.742381692889
matrix,AA1,18627.7048283188,21414.0163939335,159450.311861749,-5.78112676395584,-16.528849242496,1.87527867791255,126.107857948,1018.41283797676
matrix,AA1,2.30020281285338,2.53758879325822,-5.78112676395584,0.073769649744125,0.000329228053568135,0.00732400402040662,-0.851143866895292,-0.0600720689380656
matrix,AA1,3.20141033856343,10.0489446565268,-16.528849242496,0.000329228053568135,0.067379951639504,0.00389684737281051,0.732087965536934,-1.16461832850142
matrix,AA1,4.09807812593082,17.5098724096087,1.87527867791255,0.00732400402040662,0.00389684737281051,0.0693381127066338,0.118843532776675,0.708708872068838
matrix,AA1,-121.030612397271,218.845000075581,126.107857948,-0.851143866895292,0.732087965536934,0.118843532776675,30.5930325552621,-13.9784946108346
matrix,AA1,10.5633659901252,-818.742381692889,1018.41283797676,-0.0600720689380656,-1.16461832850142,0.708708872068838,-13.9784946108346,65.3230696336798
matrix,AE1,19019.3488951598,-6671.77041513167,1637.71688470174,-1.45963015881067,2.21831268615744,1.0077224860758,-318.239542635208,180.032037866269
matrix,AE1,-6671.77041513167,121311.274646183,97838.8184881965,5.26686826109789,10.9773431851114,9.59727958872265,623.200785265498,-1058.81630467772
matrix,AE1,1637.71688470174,97838.8184881965,131158.330356916,4.87497446754342,9.71060563540367,4.95358766187754,652.190125760027,-646.852737927949
matrix,AE1,-1.45963015881067,5.26686826109789,4.87497446754342,0.096042302219442,0.00661057553926879,0.00128495344002004,-0.891068917672629,-0.121377360324744
matrix,AE1,2.21831268615744,10.9773431851114,9.71060563540367,0.00661057553926879,0.0614384102646499,-0.000265782761525997,0.81687773998157,-0.824934074825355
matrix,AE1,1.0077224860758,9.59727958872265,4.95358766187754,0.00128495344002004,-0.000265782761525997,0.0435190026329423,0.135500524103179,0.539810209431557
matrix,AE1,-318.239542635208,623.200785265498,652.190125760027,-0.891068917672629,0.81687773998157,0.135500524103179,49.3021874382776,-16.4131386382926
matrix,AE1,180.032037866269,-1058.81630467772,-646.852737927949,-0.121377360324744,-0.824934074825355,0.539810209431557,-16.4131386382926,36.8472040963394
matrix,AY1,17028.5052017195,5403.61114871846,12814.5759846951,4.94453322313386,2.60373386658715,3.41069511872866,-261.339971187241,137.570620435579
matrix,AY1,5403.61114871846,68335.8839888175,31916.2216514379,3.31333547417828,4.44284325093773,10.5392745047403,273.097964960906,-847.272532132213
matrix,AY1,12814.5759846951,31916.2216514379,108011.227375232,5.45051423643668,-0.3055320133763,-6.33362216418999,126.824092895787,80.4552733574562
matrix,AY1,4.94453322313386,3.31333547417828,5.45051423643668,0.0808767356932903,-0.000750141354603576,0.00962048906004872,-0.882173923308267,0.102038980097009
matrix,AY1,2.60373386658715,4.44284325093773,-0.3055320133763,-0.000750141354603576,0.058396196551467,-0.00241734259737689,0.645662048034127,-0.799435501433272
matrix,AY1,3.41069511872866,10.5392745047403,-6.33362216418999,0.00962048906004872,-0.00241734259737689,0.0532701005499761,-0.0660167863878215,0.648874096022566
matrix,AY1,-261.339971187241,273.097964960906,126.824092895787,-0.882173923308267,0.645662048034127,-0.0660167863878215,38.7673824227085,-17.3392130208963
matrix,AY1,137.570620435579,-847.272532132213,80.4552733574562,0.102038980097009,-0.799435501433272,0.648874096022566,-17.3392130208963,45.7439852932932
matrix,AW1,15016.3876420855,9963.62077185844,15970.6164111574,3.7745774047791,2.40715950265658,0.405846780407342,-183.606768310064,10.6719207664459
matrix,AW1,9963.62077185844,44243.6009176882,33480.1132946548,2.24678363277318,4.48030232017816,8.09226584613102,105.513152208681,-402.746338398724
matrix,AW1,15970.6164111574,33480.1132946548,105534.313282012,7.31427417563819,-0.0539525785857736,4.2387741297277,165.012668178768,272.741244856426
matrix,AW1,3.7745774047791,2.24678363277318,7.31427417563819,0.0736101585680377,-0.0041848941164649,0.00378622945850283,-0.886310558233244,0.0706519823374299
matrix,AW1,2.40715950265658,4.48030232017816,-0.0539525785857736,-0.0041848941164649,0.0550964752455683,-0.00372275064341911,0.711391747615702,-0.792228295363311
matrix,AW1,0.405846780407342,8.09226584613102,4.2387741297277,0.00378622945850283,-0.00372275064341911,0.052648289475976,0.0920724238016404,0.762114452002342
matrix,AW1,-183.606768310064,105.513152208681,165.012668178768,-0.886310558233244,0.711391747615702,0.0920724238016404,34.0673690744093,-9.85572630546785
matrix,AW1,10.6719207664459,-402.746338398724,272.741244856426,0.0706519823374299,-0.792228295363311,0.762114452002342,-9.85572630546785,38.6926713715728
matrix,IY1,5409.82048584944,6461.94738580652,6836.31703491496,5.99293622670075,4.39019655733293,1.03718576885585,-138.640458073608,-23.5992542110863
matrix,IY1,6461.94738580652,113544.274151022,94142.8748608685,6.26607647768745,-8.49539456884576,8.64522759587458,-304.230776670684,45.9810689259495
matrix,IY1,6836.31703491496,94142.8748608685,104913.137518904,6.36219501209164,-2.12619786721297,8.3481229266421,92.2597227970641,-17.7548200076661
matrix,IY1,5.99293622670075,6.26607647768745,6.36219501209164,0.0766277227956587,0.00554127255159043,-0.00264524507599124,-1.10910314029477,-0.0651182242342385
matrix,IY1,4.39019655733293,-8.49539456884576,-2.12619786721297,0.00554127255159043,0.0827583070773903,-0.015481704743647,1.10251180351339,-1.11917509306256
matrix,IY1,1.03718576885585,8.64522759587458,8.3481229266421,-0.00264524507599124,-0.015481704743647,0.0439355478758359,-0.0237579365668579,0.741268412577952
matrix,IY1,-138.640458073608,-304.230776670684,92.2597227970641,-1.10910314029477,1.10251180351339,-0.0237579365668579,68.3204325750581,-14.2336049461767
matrix,IY1,-23.5992542110863,45.9810689259495,-17.7548200076661,-0.0651182242342385,-1.11917509306256,0.741268412577952,-14.2336049461767,29.7669367093156
matrix,UH1,6840.24275225371,5573.05654007068,13955.4140474395,2.79635064053715,2.62435221741549,2.14335007222081,-133.855642793178,41.439587511057
matrix,UH1,5573.05654007068,100017.286967893,19557.6427057663,-2.38791992083468,10.7538941242539,8.74594826148879,631.483215905992,-1723.60080375284
matrix,UH1,13955.4140474395,19557.6427057663,112567.591639768,8.04156905957573,2.58713530721525,0.0121702169488373,31.3187142557049,291.797285949412
matrix,UH1,2.79635064053715,-2.38791992083468,8.04156905957573,0.0639004376164153,-0.00816483136294804,0.00340698622870253,-0.943878577875701,0.280265791853398
matrix,UH1,2.62435221741549,10.7538941242539,2.58713530721525,-0.00816483136294804,0.0754659870944456,0.00688395799923059,0.96081034617589,-0.968040055812457
matrix,UH1,2.14335007222081,8.74594826148879,0.0121702169488373,0.00340698622870253,0.00688395799923059,0.0672939302150956,0.0495722267996679,0.773396784415256
matrix,UH1,-133.855642793178,631.483215905992,31.3187142557049,-0.943878577875701,0.96081034617589,0.0495722267996679,46.7441581729493,-28.1341684082436
matrix,UH1,41.439587511057,-1723.60080375284,291.797285949412,0.280265791853398,-0.968040055812457,0.773396784415256,-28.1341684082436,71.0812643738038
matrix,OY1,9958.02460757489,15162.2784370571,7037.62997845119,1.21964942437334,5.17021260271449,0.345856464752395,-67.2881554670797,-279.210725099572
matrix,OY1,15162.2784370571,112654.32413452,32383.9452013642,-20.2594195186407,37.116815426558,15.6706031420562,1107.97146554726,-2276.01445753682
matrix,OY1,7037.62997845119,32383.9452013642,92475.9211147275,0.588784892084778,5.61075397444671,1.1753404486774,380.100106815623,-401.92888700334
matrix,OY1,1.21964942437334,-20.2594195186407,0.588784892084778,0.126943571203057,0.0317584686787447,0.00926219713953536,-1.12941151053202,0.483702896592337
matrix,OY1,5.17021260271449,37.116815426558,5.61075397444671,0.0317584686787447,0.159860991619319,0.0342088892555737,1.18673063073185,-1.35147843837224
matrix,OY1,0.345856464752395,15.6706031420562,1.1753404486774,0.00926219713953536,0.0342088892555737,0.0970497288065621,0.320120894027838,0.549924655890422
matrix,OY1,-67.2881554670797,1107.97146554726,380.100106815623,-1.12941151053202,1.18673063073185,0.320120894027838,73.31865502096,-43.5238547084384
matrix,OY1,-279.210725099572,-2276.01445753682,-401.92888700334,0.483702896592337,-1.35147843837224,0.549924655890422,-43.5238547084384,94.0349797983739
