type,phone,F1_0.33,F2_0.33,F3_0.33,B1_0.33,B2_0.33,B3_0.33,A1A2diff_0.33,A2A3diff_0.33
means,AA1,584.402886115445,1165.8298049922,2127.93669266771,2.27824976599064,2.19794617784711,2.67873814352574,6.61685429017161,15.2972026521061
means,AE1,680.559472720615,1482.70900036617,2259.32373855731,2.35702076162578,2.35533075796412,2.59932738923471,7.25885715854998,7.67374998169169
means,AH1,570.71612244898,1284.53169332598,2249.69501930502,2.24603905129619,2.2026416988417,2.58368803088803,9.03230176503034,12.310227302813
means,AO1,500.030257209665,1059.52016367888,2294.40759158223,2.16181621200312,2.20380132501949,2.63490288386594,10.2967264224474,17.4145627435698
means,AW1,648.621318181818,1432.5596969697,2144.25674242424,2.33725878787879,2.34033924242424,2.60506575757576,7.21881545454545,7.82332954545455
means,AY1,636.062794508415,1372.94040744021,2199.22058901683,2.31404189548273,2.30734384410983,2.59388990256864,7.77144849424269,9.08303046944198
means,EH1,565.508085186581,1487.00743686393,2269.36928382963,2.21005480588014,2.47584745571052,2.47105782133434,12.0692975122503,3.01884410101772
means,ER1,568.640154559505,1344.58092735703,2091.32327666151,2.24866537867079,2.37703956723339,2.46012550231839,9.76614884080371,6.82559474497682
means,EY1,472.573584579977,1612.05877445339,2402.44995972382,2.08372710011508,2.58666225546605,2.4246414269275,15.9067880897583,-0.521697756041427
means,IH1,474.32628030751,1613.01810762862,2369.01100532229,2.10365351862803,2.58221573033708,2.49407374334713,16.9561549970432,0.09206085156712
means,IY1,337.039839939024,1738.06464176829,2557.12939786585,1.91032553353659,2.61582949695122,2.41284352134146,21.3503681402439,-2.04224161585366
means,OW1,487.80573551263,1299.37530460624,2243.6733828628,2.16121812778603,2.30049331352155,2.55698226844973,12.8803912828133,9.70651530460624
means,OY1,492.341290322581,1047.50451612903,2116.47177419355,2.20655967741935,2.25978225806452,2.56487258064516,8.89267258064516,15.6100983870968
means,UH1,401.086649484536,1272.38041237113,2177.45025773196,1.94822474226804,2.44847628865979,2.42865463917526,17.0668706185567,5.54784690721649
means,UW1,353.226807116105,1621.23174157303,2340.10776217228,1.85306938202247,2.43812743445693,2.47158979400749,19.8299813670412,2.09990243445693
matrix,AO1,18539.9575163924,19516.6385175866,7856.39616419249,12.7359446908347,11.2006970246199,7.56670959676156,-157.202668643307,-250.304111817243
matrix,AO1,19516.6385175866,42511.377921268,14389.8736003165,14.64179163931,12.4805518944787,10.8431915244886,101.330103065875,-753.835472009498
matrix,AO1,7856.39616419249,14389.8736003165,106621.075055427,-1.39987565125188,-24.1717119827657,-63.7987989439071,56.3763629295206,-421.846400917412
matrix,AO1,12.7359446908347,14.64179163931,-1.39987565125188,0.116145730501397,0.0418442834964427,0.0115014143369856,-0.671660692846792,-0.26706110396651
matrix,AO1,11.2006970246199,12.4805518944787,-24.1717119827657,0.0418442834964427,0.158192307073126,0.0140712673440698,0.884315759606148,-1.12266282594124
matrix,AO1,7.56670959676156,10.8431915244886,-63.7987989439071,0.0115014143369856,0.0140712673440698,0.209232562963596,-0.321536117962374,1.30914258268943
matrix,AO1,-157.202668643307,101.330103065875,56.3763629295206,-0.671660692846792,0.884315759606148,-0.321536117962374,46.9501230699955,-23.2167295628058
matrix,AO1,-250.304111817243,-753.835472009498,-421.846400917412,-0.26706110396651,-1.12266282594124,1.30914258268943,-23.2167295628058,63.0406570255688
matrix,ER1,14706.8488603476,5429.62807338586,3469.54181698504,4.27212249607141,14.6014527663209,8.7497716678789,-203.082968626756,-42.1325901292175
matrix,ER1,5429.62807338586,51819.2602384576,40984.5275834892,-27.5005434384322,-33.9591505413937,28.3883531233725,146.420472245659,176.532826704571
matrix,ER1,3469.54181698504,40984.5275834892,103262.900519278,-1.66164560929223,-73.0094141639049,1.37308082188094,151.320456410925,551.058563593097
matrix,ER1,4.27212249607141,-27.5005434384322,-1.66164560929223,0.156982505270096,0.0358408499788019,-0.00423000601973385,-0.713510045411712,-0.103191091265809
matrix,ER1,14.6014527663209,-33.9591505413937,-73.0094141639049,0.0358408499788019,0.248307353880927,-0.0233455469703705,0.663174632600117,-2.02728436327472
matrix,ER1,8.7497716678789,28.3883531233725,1.37308082188094,-0.00423000601973385,-0.0233455469703705,0.160109991902805,-0.0459883532443859,1.27018385041286
matrix,ER1,-203.082968626756,146.420472245659,151.320456410925,-0.713510045411712,0.663174632600117,-0.0459883532443859,48.5211349737719,-20.9843344215076
matrix,ER1,-42.1325901292175,176.532826704571,551.058563593097,-0.103191091265809,-2.02728436327472,1.27018385041286,-20.9843344215076,58.5971528254522
matrix,OW1,18614.8513962254,15430.0191007793,12296.9187848496,12.1402829475125,4.82865301210576,1.76115453237431,-350.069381128372,-146.370650298923
matrix,OW1,15430.0191007793,71660.3563635717,33348.3452516697,4.48577842262211,-10.8104892103012,1.17762610996279,-146.822610080594,-874.041176611949
matrix,OW1,12296.9187848496,33348.3452516697,73740.4079950421,4.10174317105412,-44.0249348044258,-17.9113831228412,-322.352911055234,72.9371990725815
matrix,OW1,12.1402829475125,4.48577842262211,4.10174317105412,0.133537356063688,0.0411889450271185,-0.0060415804960482,-0.88675884832059,-0.476994563453988
matrix,OW1,4.82865301210576,-10.8104892103012,-44.0249348044258,0.0411889450271185,0.222315878315031,-0.012327159360444,1.3148149974838,-2.31668447072021
matrix,OW1,1.76115453237431,1.17762610996279,-17.9113831228412,-0.0060415804960482,-0.012327159360444,0.160887488347478,-0.204411745065449,1.60742534865109
matrix,OW1,-350.069381128372,-146.822610080594,-322.352911055234,-0.88675884832059,1.3148149974838,-0.204411745065449,57.0487970014601,-28.8776267170419
matrix,OW1,-146.370650298923,-874.041176611949,72.9371990725815,-0.476994563453988,-2.31668447072021,1.60742534865109,-28.8776267170419,87.1088203561334
matrix,AH1,23434.7033287201,10965.6132778168,10379.7822004336,13.5936053501825,2.98016102822454,19.86268528193,-506.385164005294,214.274377207472
matrix,AH1,10965.6132778168,41202.3201393496,33266.2777543547,-5.78057668978338,-14.7201842086178,16.9175917757976,55.820380620078,-246.950684622417
matrix,AH1,10379.7822004336,33266.2777543547,108099.294516183,-15.2599751282377,-76.1403710935207,-10.7605344448571,-132.819689556877,409.340423774031
matrix,AH1,13.5936053501825,-5.78057668978338,-15.2599751282377,0.143793548562455,0.040564105087043,0.00851431658245758,-1.41023958774557,0.0511590678846362
matrix,AH1,2.98016102822454,-14.7201842086178,-76.1403710935207,0.040564105087043,0.226306662333095,-0.00132577455581409,0.928550776648214,-1.59850630732014
matrix,AH1,19.86268528193,16.9175917757976,-10.7605344448571,0.00851431658245758,-0.00132577455581409,0.19689718972973,-0.343209528257008,1.40866678499033
matrix,AH1,-506.385164005294,55.820380620078,-132.819689556877,-1.41023958774557,0.928550776648214,-0.343209528257008,61.0614282447209,-28.1261794733484
matrix,AH1,214.274377207472,-246.950684622417,409.340423774031,0.0511590678846362,-1.59850630732014,1.40866678499033,-28.1261794733484,65.7396569046791
matrix,EY1,9496.88861713763,5950.48049184522,-145.589873776096,6.35279095173649,5.26723622518621,5.48790113120912,-230.002378403454,13.7034477789408
matrix,EY1,5950.48049184522,167202.411591761,27294.468848425,-36.4679887439705,-66.0816708931467,28.2658634808517,-246.588899910978,-57.1236221532645
matrix,EY1,-145.589873776096,27294.468848425,25424.7142725948,0.384867517499716,-10.165997667612,3.43976842826706,115.173244888409,-124.379771873254
matrix,EY1,6.35279095173649,-36.4679887439705,0.384867517499716,0.136911870013578,0.0103926081679721,0.0112492467983833,-0.976800967748433,0.298103929190737
matrix,EY1,5.26723622518621,-66.0816708931467,-10.165997667612,0.0103926081679721,0.281261734890016,-0.0456343498056382,2.15778097716677,-3.0323030262768
matrix,EY1,5.48790113120912,28.2658634808517,3.43976842826706,0.0112492467983833,-0.0456343498056382,0.119910330510801,-0.763181863490191,1.35024643298701
matrix,EY1,-230.002378403454,-246.588899910978,115.173244888409,-0.976800967748433,2.15778097716677,-0.763181863490191,77.5286066897084,-51.3567667345847
matrix,EY1,13.7034477789408,-57.1236221532645,-124.379771873254,0.298103929190737,-3.0323030262768,1.35024643298701,-51.3567667345847,80.5501510359708
matrix,IY1,3953.44422690037,8296.59209189533,1924.28078358013,4.41212297510453,3.68436909320699,2.30505387958771,-91.5999318189859,-34.5815431622726
matrix,IY1,8296.59209189533,283385.483105287,39557.0433516148,-35.268793890541,-93.5907184825602,19.8534006124752,-237.23098537908,-889.570497654889
matrix,IY1,1924.28078358013,39557.0433516148,31196.0958286989,0.855527968094199,-4.5599098662833,8.31590326726305,223.118774915966,-213.109316265352
matrix,IY1,4.41212297510453,-35.268793890541,0.855527968094199,0.120679332124048,0.0146569048526713,0.00496664614190317,-0.617070746020365,0.223116126349452
matrix,IY1,3.68436909320699,-93.5907184825602,-4.5599098662833,0.0146569048526713,0.254550548274956,-0.0310047766623005,2.20165503148968,-2.07993106581958
matrix,IY1,2.30505387958771,19.8534006124752,8.31590326726305,0.00496664614190317,-0.0310047766623005,0.120253973748994,-0.459036517979258,1.21835676543575
matrix,IY1,-91.5999318189859,-237.23098537908,223.118774915966,-0.617070746020365,2.20165503148968,-0.459036517979258,109.167095863744,-57.8055679332491
matrix,IY1,-34.5815431622726,-889.570497654889,-213.109316265352,0.223116126349452,-2.07993106581958,1.21835676543575,-57.8055679332491,83.4867797892508
matrix,IH1,21366.8715263332,15179.1992592882,7076.50947391922,18.7085676772971,7.57367828162356,13.8088273478377,-455.406124300041,-3.0410265273631
matrix,IH1,15179.1992592882,125058.998994878,38490.2356590633,-17.5132425844618,-60.7635622802739,32.4988200573839,-533.186166502372,61.4998169933283
matrix,IH1,7076.50947391922,38490.2356590633,47209.8082831307,8.72391012663807,-29.7105935294329,3.74916570806882,-227.508557114494,85.1203534784333
matrix,IH1,18.7085676772971,-17.5132425844618,8.72391012663807,0.144602277163647,0.0211946768617778,0.015947711163448,-1.0840608637025,0.200651268001736
matrix,IH1,7.57367828162356,-60.7635622802739,-29.7105935294329,0.0211946768617778,0.261370113858919,-0.0339101971074397,1.81324410310478,-2.39116200753175
matrix,IH1,13.8088273478377,32.4988200573839,3.74916570806882,0.015947711163448,-0.0339101971074397,0.161601402753967,-0.70465433002848,1.3892904705277
matrix,IH1,-455.406124300041,-533.186166502372,-227.508557114494,-1.0840608637025,1.81324410310478,-0.70465433002848,79.4452377372812,-42.1353861017747
matrix,IH1,-3.0410265273631,61.4998169933283,85.1203534784333,0.200651268001736,-2.39116200753175,1.3892904705277,-42.1353861017747,71.2602035250819
matrix,UH1,4959.50049804231,-1651.8287524972,-2297.58522037551,1.11776373099728,2.1546142983815,2.52531829282624,-127.401064974601,74.6102780180813
matrix,UH1,-1651.8287524972,84254.455757342,39562.7852605149,-32.2156770879761,-33.0898527103787,35.2435205524812,558.293058229796,-664.658452926179
matrix,UH1,-2297.58522037551,39562.7852605149,101325.39764812,-10.6785689856845,-105.769647983494,10.8816500998344,75.986324489477,722.706279029299
matrix,UH1,1.11776373099728,-32.2156770879761,-10.6785689856845,0.115052526638534,0.0412359647347898,0.00573715926285989,-0.604576947714866,0.0721481381598206
matrix,UH1,2.1546142983815,-33.0898527103787,-105.769647983494,0.0412359647347898,0.337072068968538,-0.035573030770258,1.18010298339298,-2.86035440256076
matrix,UH1,2.52531829282624,35.2435205524812,10.8816500998344,0.00573715926285989,-0.035573030770258,0.20394993368303,0.201813943116287,1.36972002431494
matrix,UH1,-127.401064974601,558.293058229796,75.986324489477,-0.604576947714866,1.18010298339298,0.201813943116287,70.0192778281996,-36.3128290683038
matrix,UH1,74.6102780180813,-664.658452926179,722.706279029299,0.0721481381598206,-2.86035440256076,1.36972002431494,-36.3128290683038,88.2792295183583
matrix,AE1,32029.60620822,17181.7670359196,12777.905289994,8.61148743109771,13.6398261865537,22.3954563796485,-422.244390881206,107.474666546144
matrix,AE1,17181.7670359196,53887.4219784509,36121.1825222367,-11.8433755949893,-2.79164858792335,20.9756122427738,73.9833713882941,-321.313142093608
matrix,AE1,12777.905289994,36121.1825222367,70566.6277622452,-13.4769069673905,-30.0811635128347,-4.74891208631652,150.761733259491,98.0366945881637
matrix,AE1,8.61148743109771,-11.8433755949893,-13.4769069673905,0.136588234055976,0.040870352599276,0.0167124039915862,-0.982739530216443,0.00533403159195533
matrix,AE1,13.6398261865537,-2.79164858792335,-30.0811635128347,0.040870352599276,0.179369367683638,-0.00253412744347828,0.652782435790726,-1.65304080212398
matrix,AE1,22.3954563796485,20.9756122427738,-4.74891208631652,0.0167124039915862,-0.00253412744347828,0.146787304392412,-0.581542893749253,1.11741097159757
matrix,AE1,-422.244390881206,73.9833713882941,150.761733259491,-0.982739530216443,0.652782435790726,-0.581542893749253,46.8777990520541,-26.3209724710044
matrix,AE1,107.474666546144,-321.313142093608,98.0366945881637,0.00533403159195533,-1.65304080212398,1.11741097159757,-26.3209724710044,60.2858730777463
matrix,AA1,15908.1234439667,12025.6542851066,9929.19316716404,2.11723401004359,5.47909112345196,10.4384616735901,-139.048985818793,5.96423581591507
matrix,AA1,12025.6542851066,28736.7804706099,20141.321826755,0.763376731023808,1.23953993250934,13.0441636108789,54.5672546140301,-207.911325901122
matrix,AA1,9929.19316716404,20141.321826755,163611.094904275,-38.0672538087371,-64.6621554263903,-47.4067105653954,392.547648744879,652.532586469356
matrix,AA1,2.11723401004359,0.763376731023808,-38.0672538087371,0.132052068341085,0.0579130038047255,0.00780363785046297,-0.817256339995092,-0.482173884901799
matrix,AA1,5.47909112345196,1.23953993250934,-64.6621554263903,0.0579130038047255,0.170358604907316,8.43285082223043e-06,0.396113828833741,-1.24606294707026
matrix,AA1,10.4384616735901,13.0441636108789,-47.4067105653954,0.00780363785046297,8.43285082223043e-06,0.186269572072429,-0.237453285312092,1.05323232528518
matrix,AA1,-139.048985818793,54.5672546140301,392.547648744879,-0.817256339995092,0.396113828833741,-0.237453285312092,39.210831698393,-15.2392680125172
matrix,AA1,5.96423581591507,-207.911325901122,652.532586469356,-0.482173884901799,-1.24606294707026,1.05323232528518,-15.2392680125172,59.3089416795558
matrix,AY1,22762.5786281199,11101.6606088742,5954.84750499925,4.78192418504187,12.2705571911137,16.7449490907022,-273.265779525919,74.3743401460956
matrix,AY1,11101.6606088742,46703.0029849469,25671.4361500479,-16.8964617437057,0.461881251955437,23.2405476735887,199.482272210184,-375.220241782469
matrix,AY1,5954.84750499925,25671.4361500479,83274.2123919879,-21.9647965838374,-52.3452976248616,-13.2111145850999,238.544639611654,431.322544736143
matrix,AY1,4.78192418504187,-16.8964617437057,-21.9647965838374,0.126325755257726,0.044477949518098,0.00388220117643642,-0.897198878470339,-0.0813736991282274
matrix,AY1,12.2705571911137,0.461881251955437,-52.3452976248616,0.044477949518098,0.212276552698021,-0.00713117178571303,0.515398572848502,-1.93923071601971
matrix,AY1,16.7449490907022,23.2405476735887,-13.2111145850999,0.00388220117643642,-0.00713117178571303,0.155307700092946,-0.385130554175601,0.944697047255075
matrix,AY1,-273.265779525919,199.482272210184,238.544639611654,-0.897198878470339,0.515398572848502,-0.385130554175601,43.588215813673,-25.0031947722625
matrix,AY1,74.3743401460956,-375.220241782469,431.322544736143,-0.0813736991282274,-1.93923071601971,0.944697047255075,-25.0031947722625,64.4010788051323
matrix,UW1,4361.34128942106,1900.24557210756,1927.29052377601,2.57130982061171,3.88754738289737,2.53148534601459,-124.621446502848,6.62214942671181
matrix,UW1,1900.24557210756,139017.175148042,25176.7971277998,-22.2335125511252,-58.2735915164275,26.4509474826459,-368.385097447369,-422.189056482219
matrix,UW1,1927.29052377601,25176.7971277998,35924.6333502827,2.70634943657267,-10.3251343612293,1.92705131921994,58.0616920501099,-19.4050906384083
matrix,UW1,2.57130982061171,-22.2335125511252,2.70634943657267,0.114064710579936,0.0085306703627992,0.00846759722236555,-0.517879598302997,0.179578130440119
matrix,UW1,3.88754738289737,-58.2735915164275,-10.3251343612293,0.0085306703627992,0.260470625141678,-0.0327625929624784,1.83055510660351,-2.32139660417182
matrix,UW1,2.53148534601459,26.4509474826459,1.92705131921994,0.00846759722236555,-0.0327625929624784,0.141831262529292,-0.345651084482755,1.14690988696957
matrix,UW1,-124.621446502848,-368.385097447369,58.0616920501099,-0.517879598302997,1.83055510660351,-0.345651084482755,91.8813874271595,-41.3726618304326
matrix,UW1,6.62214942671181,-422.189056482219,-19.4050906384083,0.179578130440119,-2.32139660417182,1.14690988696957,-41.3726618304326,72.4627518799191
matrix,EH1,16116.0349215961,7129.49714772974,-3765.48682471272,4.68932783989965,14.5079067341912,10.4490094731268,-278.61889099647,-37.7702450980267
matrix,EH1,7129.49714772974,94690.1751102454,35594.097117583,-46.2450586471795,-29.3275829130095,35.0991577745796,180.337377559609,-180.631422446498
matrix,EH1,-3765.48682471272,35594.097117583,49106.0404014477,-17.9450782405237,-41.8235472518228,2.6151029856186,209.86376469505,154.003808233707
matrix,EH1,4.68932783989965,-46.2450586471795,-17.9450782405237,0.153488697892619,0.0392314729449245,0.003623049141319,-0.952047558634344,-0.0311206359887964
matrix,EH1,14.5079067341912,-29.3275829130095,-41.8235472518228,0.0392314729449245,0.27358308623504,-0.0225671365685166,1.3068833234175,-2.76668925414115
matrix,EH1,10.4490094731268,35.0991577745796,2.6151029856186,0.003623049141319,-0.0225671365685166,0.141460652371873,-0.411586064150973,1.09512085914966
matrix,EH1,-278.61889099647,180.337377559609,209.86376469505,-0.952047558634344,1.3068833234175,-0.411586064150973,59.768561184202,-33.9491981536497
matrix,EH1,-37.7702450980267,-180.631422446498,154.003808233707,-0.0311206359887964,-2.76668925414115,1.09512085914966,-33.9491981536497,70.7231292391403
matrix,AW1,22308.3642833887,13470.3252450131,5259.76536211546,-2.11365899718582,10.9304834292247,14.1025320861774,-226.816096914181,35.6937965194165
matrix,AW1,13470.3252450131,59767.1899118959,44533.0447952177,-26.3863565769991,-13.7062126861176,28.3334317559204,312.708723549455,-94.9504617406539
matrix,AW1,5259.76536211546,44533.0447952177,81160.4117910413,-25.6244098522095,-56.5921289827448,0.47701730558238,371.855798531453,492.540444833874
matrix,AW1,-2.11365899718582,-26.3863565769991,-25.6244098522095,0.12035409596211,0.0256628215286706,-0.0159097474376236,-1.03115584880066,-0.308025973530142
matrix,AW1,10.9304834292247,-13.7062126861176,-56.5921289827448,0.0256628215286706,0.196026565604888,-0.00768143055101853,0.693461404460891,-2.00786450771658
matrix,AW1,14.1025320861774,28.3334317559204,0.47701730558238,-0.0159097474376236,-0.00768143055101853,0.163770153029015,-0.080281541958615,0.886692619146779
matrix,AW1,-226.816096914181,312.708723549455,371.855798531453,-1.03115584880066,0.693461404460891,-0.080281541958615,47.4365160226439,-20.3130660553435
matrix,AW1,35.6937965194165,-94.9504617406539,492.540444833874,-0.308025973530142,-2.00786450771658,0.886692619146779,-20.3130660553435,54.1460588041182
matrix,OY1,6805.30549666843,3574.53668588049,-10670.9605006875,0.585048036488629,10.6245904331042,8.96472505235325,-42.212433029614,-137.454881227393
matrix,OY1,3574.53668588049,34886.8136415653,4288.083367266,-24.09431089688,-10.1237003447911,22.0571549947118,2.87295437176107,-229.479157435219
matrix,OY1,-10670.9605006875,4288.083367266,181872.524496801,-40.1591198453199,-104.8035429844,-37.6947269997356,490.832071475674,1458.79797044553
matrix,OY1,0.585048036488629,-24.09431089688,-40.1591198453199,0.137693864413009,0.0383082161581174,-0.00348960882866209,-0.558738056697515,-0.0160764771152827
matrix,OY1,10.6245904331042,-10.1237003447911,-104.8035429844,0.0383082161581174,0.247608784762031,-0.0565314021337917,0.788091673603913,-1.33806963838974
matrix,OY1,8.96472505235325,22.0571549947118,-37.6947269997356,-0.00348960882866209,-0.0565314021337917,0.129964347268641,-0.672746961583818,0.271024502086198
matrix,OY1,-42.212433029614,2.87295437176107,490.832071475674,-0.558738056697515,0.788091673603913,-0.672746961583818,48.240839956449,-20.4105887395532
matrix,OY1,-137.454881227393,-229.479157435219,1458.79797044553,-0.0160764771152827,-1.33806963838974,0.271024502086198,-20.4105887395532,66.7464228677023
