type,phone,F1_0.33,F2_0.33,F3_0.33,B1_0.33,B2_0.33,B3_0.33,A1A2diff_0.33,A2A3diff_0.33
means,AA1,688.516662439231,1176.26028686173,1770.75601715131,2.08983301929523,2.45935760485551,2.55778222061177,5.98172101639641,8.81547642298517
means,AE1,613.154005237953,1258.34231682131,2031.360949566,2.01938933552829,2.74930795719844,2.36849901227178,12.4209297216402,0.995106111942532
means,AH1,609.849719595109,1177.83163742609,1804.05396236343,2.05591495631223,2.5135867870446,2.55303397122561,9.22740984532728,8.31927138900813
means,AO1,577.357691325049,1000.10880588782,1821.55489809546,2.03273030716525,2.26112183544304,2.74245001451632,7.1658510509813,17.5838689379863
means,AW1,690.25366308213,1217.14674049955,1831.43382545735,2.12861925367379,2.53110815731974,2.47907438413093,6.56044653185382,6.6767073518701
means,AY1,715.595949744938,1260.1992821501,1827.18811320755,2.11017390011361,2.59128177697088,2.45684557038159,6.72882428103629,5.09928452362389
means,EH1,543.944734696958,1219.39319835459,2006.40126179334,1.95542904747528,2.7136300550985,2.3751916540871,14.2462660955544,2.47847235187561
means,ER1,537.224982970297,1256.36298613861,1750.82665663366,1.90342296237624,2.49765294257426,2.38386092673267,10.6285906138614,4.09418860990099
means,EY1,514.254625697646,1258.3185551646,2127.96296914179,1.9318758230203,2.79977142683815,2.37331113200679,16.1126462731538,-0.104554450780555
means,IH1,475.473560324562,1252.42531944339,2097.97860449685,1.92866613141731,2.78632449761128,2.35051102980208,18.1204941571244,-0.362015217638584
means,IY1,398.881029173134,1213.92664103288,2278.32537727529,1.98007461020178,2.82277444440525,2.41544502786793,20.6949615228588,-0.474215581346127
means,OW1,569.886799200589,1106.23955962273,1792.48796746257,1.99090310998913,2.38121813751271,2.68987304968269,9.24685491041689,12.2896799358368
means,OY1,519.798144072036,980.875812906453,1762.01173586793,1.97487513756878,2.26808069034517,2.74955987993997,9.37951795897949,15.8027184092046
means,UH1,472.620623174294,1151.33859507581,1850.57481429962,1.86594684935318,2.57772464876895,2.56229439421338,15.6930466824315,7.30317635276116
means,UW1,406.081135310473,1167.4388470365,2051.35391014608,1.9688562866852,2.65392639569266,2.52927784544773,18.7284208482281,5.96048190564456
matrix,AA1,14032.889834817,5635.16294616218,-2998.90783727577,-3.42709066090039,5.1957084723718,2.05244642969695,-225.749832411646,-125.61309159986
matrix,AA1,5635.16294616218,34107.8848847589,20226.0228132062,-20.7568067990906,-3.88748779273602,19.1919522044602,126.12603495695,-364.16529515026
matrix,AA1,-2998.90783727577,20226.0228132062,85929.9838662055,-8.96549187008561,-38.9926252063933,13.8553310262078,315.196888116109,898.291640373239
matrix,AA1,-3.42709066090039,-20.7568067990906,-8.96549187008561,0.171120688812761,-0.00436258171913605,-0.0176762429655828,-1.25705247168412,0.251716460435181
matrix,AA1,5.1957084723718,-3.88748779273602,-38.9926252063933,-0.00436258171913605,0.207013220742759,-0.0737100306643997,1.30341144887598,-2.77504781647065
matrix,AA1,2.05244642969695,19.1919522044602,13.8553310262078,-0.0176762429655828,-0.0737100306643997,0.187784587460789,-0.243128846822549,2.05286401404632
matrix,AA1,-225.749832411646,126.12603495695,315.196888116109,-1.25705247168412,1.30341144887598,-0.243128846822549,59.3029229695136,-26.8776966383162
matrix,AA1,-125.61309159986,-364.16529515026,898.291640373239,0.251716460435181,-2.77504781647065,2.05286401404632,-26.8776966383162,94.9820289687429
matrix,AY1,15051.0825050419,7222.16723364477,-904.788304225986,-5.78222452108979,10.1660689956603,0.452927201336737,-149.927518435264,-206.292586943483
matrix,AY1,7222.16723364477,46422.8975985546,29790.0437565776,-27.7544772757057,-15.6828980553288,35.6960821738788,102.166622966763,-133.325174478358
matrix,AY1,-904.788304225986,29790.0437565776,68314.2167799599,-0.517949604697216,-42.4018973605326,27.0223040229405,148.66374147517,691.401605052364
matrix,AY1,-5.78222452108979,-27.7544772757057,-0.517949604697216,0.178172555114001,-0.0188728901108478,-0.00862045432301851,-1.33396723315582,0.544814134213188
matrix,AY1,10.1660689956603,-15.6828980553288,-42.4018973605326,-0.0188728901108478,0.183620526814084,-0.0615280547780967,1.05465857196129,-2.1287616224101
matrix,AY1,0.452927201336737,35.6960821738788,27.0223040229405,-0.00862045432301851,-0.0615280547780967,0.165995646426007,-0.196855621996452,1.51422496511723
matrix,AY1,-149.927518435264,102.166622966763,148.66374147517,-1.33396723315582,1.05465857196129,-0.196855621996452,55.2365044621003,-21.4408202096625
matrix,AY1,-206.292586943483,-133.325174478358,691.401605052364,0.544814134213188,-2.1287616224101,1.51422496511723,-21.4408202096625,67.8500247214977
matrix,EY1,8236.13592174823,4044.10007310886,952.073956522797,1.07173400170844,3.28331972623629,2.45996687958896,-171.228932348708,-76.7362490058115
matrix,EY1,4044.10007310886,130328.830287818,30277.6890207022,-33.0806308269084,-39.7700379768772,31.5535172331476,149.799257285135,-1181.13637030884
matrix,EY1,952.073956522797,30277.6890207022,47419.384797738,0.560449719235322,-17.1158677092193,12.2190760698163,108.141047277097,-231.46566303557
matrix,EY1,1.07173400170844,-33.0806308269084,0.560449719235322,0.155485986522295,-0.0252155195470683,0.00796526673412929,-1.61716288567381,1.06498272629368
matrix,EY1,3.28331972623629,-39.7700379768772,-17.1158677092193,-0.0252155195470683,0.171776077778935,-0.0390946766421402,1.73379309696859,-2.09031152837514
matrix,EY1,2.45996687958896,31.5535172331476,12.2190760698163,0.00796526673412929,-0.0390946766421402,0.143326201616991,-0.471593208061381,1.35849249505723
matrix,EY1,-171.228932348708,149.799257285135,108.141047277097,-1.61716288567381,1.73379309696859,-0.471593208061381,86.9035070065387,-53.6624052804388
matrix,EY1,-76.7362490058115,-1181.13637030884,-231.46566303557,1.06498272629368,-2.09031152837514,1.35849249505723,-53.6624052804388,104.177268314296
matrix,AH1,11569.5843295644,5872.34226786942,-2050.4577888219,-2.00057282077565,4.69369919843854,2.68908136011296,-210.220221360289,-108.83455370147
matrix,AH1,5872.34226786942,41779.1526773855,34152.5259222645,-20.2621182789352,-18.090135435867,31.0963393052496,147.59038535298,-169.817605025988
matrix,AH1,-2050.4577888219,34152.5259222645,114407.609431382,-1.3802153954352,-64.2661779881067,25.5530837191084,279.206596404187,1117.89946668209
matrix,AH1,-2.00057282077565,-20.2621182789352,-1.3802153954352,0.175074897832,-0.00818873693307144,-0.00368799741473248,-1.48517401176587,0.535351616201157
matrix,AH1,4.69369919843854,-18.090135435867,-64.2661779881067,-0.00818873693307144,0.21351975654941,-0.0801688053656344,1.15650948302114,-2.55114672016368
matrix,AH1,2.68908136011296,31.0963393052496,25.5530837191084,-0.00368799741473248,-0.0801688053656344,0.20130193643304,-0.324782402643923,1.97659424954486
matrix,AH1,-210.220221360289,147.59038535298,279.206596404187,-1.48517401176587,1.15650948302114,-0.324782402643923,61.973076736732,-26.3189929362369
matrix,AH1,-108.83455370147,-169.817605025988,1117.89946668209,0.535351616201157,-2.55114672016368,1.97659424954486,-26.3189929362369,85.8477564289529
matrix,UW1,5266.8576054392,677.982575599002,-478.014770791911,3.43332786276784,-0.293435646116433,2.38402992062254,-223.986020566777,49.3265819273331
matrix,UW1,677.982575599002,105589.807370547,42030.1155368494,-10.1715965584002,-12.1913588573124,3.34095423764646,541.762588322182,-1810.05343476233
matrix,UW1,-478.014770791911,42030.1155368494,72437.6367858358,1.14196984789371,-17.6136149935194,-6.36128398294709,324.893325049908,-597.871314856007
matrix,UW1,3.43332786276784,-10.1715965584002,1.14196984789371,0.135891197485357,0.00584825707901819,-0.00453763697879754,-1.43496335994527,0.094883704760136
matrix,UW1,-0.293435646116433,-12.1913588573124,-17.6136149935194,0.00584825707901819,0.18507971581626,-0.0464810584901632,1.59686904769405,-2.53316788358796
matrix,UW1,2.38402992062254,3.34095423764646,-6.36128398294709,-0.00453763697879754,-0.0464810584901632,0.162944524880659,-0.285496213083134,2.03035832545807
matrix,UW1,-223.986020566777,541.762588322182,324.893325049908,-1.43496335994527,1.59686904769405,-0.285496213083134,85.1280554949918,-51.5399092904648
matrix,UW1,49.3265819273331,-1810.05343476233,-597.871314856007,0.094883704760136,-2.53316788358796,2.03035832545807,-51.5399092904648,124.425527861092
matrix,IH1,6644.25671003794,3307.46051582855,-594.017666789097,4.28334022849678,2.71808068971408,2.31516986294203,-182.830017115925,-65.2313024576019
matrix,IH1,3307.46051582855,110902.89271373,33376.0044872668,-20.1768700383115,-40.4386311505637,33.2949065290755,75.5107087734364,-939.993078813015
matrix,IH1,-594.017666789097,33376.0044872668,57528.2640842394,-1.59888964642665,-21.4533485338641,14.4383900612908,195.750097146736,-244.685469085695
matrix,IH1,4.28334022849678,-20.1768700383115,-1.59888964642665,0.154669158699903,-0.0149573044621498,0.0157027671859014,-1.56893539569223,0.656336212044546
matrix,IH1,2.71808068971408,-40.4386311505637,-21.4533485338641,-0.0149573044621498,0.179487639855237,-0.0505380974717559,1.64598049288851,-2.10674151985508
matrix,IH1,2.31516986294203,33.2949065290755,14.4383900612908,0.0157027671859014,-0.0505380974717559,0.171462148536653,-0.5191484696544,1.53944802778061
matrix,IH1,-182.830017115925,75.5107087734364,195.750097146736,-1.56893539569223,1.64598049288851,-0.5191484696544,85.2801810056481,-49.9678642192434
matrix,IH1,-65.2313024576019,-939.993078813015,-244.685469085695,0.656336212044546,-2.10674151985508,1.53944802778061,-49.9678642192434,104.422948261377
matrix,EH1,9083.16212386395,4013.50734248267,-3533.4503347544,-4.20751206528149,5.41929344120341,-0.271454515385292,-144.433498407052,-123.682788232874
matrix,EH1,4013.50734248267,97674.5235819168,32938.75172435,-35.0819084103887,-30.6263181349059,33.6194788534887,292.283510253945,-980.480431055153
matrix,EH1,-3533.4503347544,32938.75172435,66015.3528288013,0.66938154657223,-25.7308323731255,15.0242302525538,274.591268672161,-115.977000664666
matrix,EH1,-4.20751206528149,-35.0819084103887,0.66938154657223,0.167007615015083,-0.0221466250653235,0.00576792914723461,-1.41974403993259,1.04742394994195
matrix,EH1,5.41929344120341,-30.6263181349059,-25.7308323731255,-0.0221466250653235,0.205941460712676,-0.0646036511858974,1.55977141408667,-2.57074048118792
matrix,EH1,-0.271454515385292,33.6194788534887,15.0242302525538,0.00576792914723461,-0.0646036511858974,0.175346236324533,-0.402554216564127,1.77951808840436
matrix,EH1,-144.433498407052,292.283510253945,274.591268672161,-1.41974403993259,1.55977141408667,-0.402554216564127,78.7594901720483,-50.0232632088001
matrix,EH1,-123.682788232874,-980.480431055153,-115.977000664666,1.04742394994195,-2.57074048118792,1.77951808840436,-50.0232632088001,111.076013181039
matrix,AE1,13172.2478236067,5795.77175202935,-3977.17834079128,-8.61514157384677,7.39711766580486,-1.50170317675593,-146.530417953926,-168.556354717442
matrix,AE1,5795.77175202935,99344.0547401283,30899.0072002798,-35.1715155465217,-27.7213784931061,40.2042054289784,236.862111908601,-793.8618395504
matrix,AE1,-3977.17834079128,30899.0072002798,58656.8064394177,11.2634112602053,-25.0493183763433,22.2408699204219,149.352630962872,37.4226787381613
matrix,AE1,-8.61514157384677,-35.1715155465217,11.2634112602053,0.188573545781597,-0.0310750031339844,0.0118415946532595,-1.43459774021536,0.99611546573767
matrix,AE1,7.39711766580486,-27.7213784931061,-25.0493183763433,-0.0310750031339844,0.184498271289291,-0.0517226776788761,1.6442795967199,-2.34577312223963
matrix,AE1,-1.50170317675593,40.2042054289784,22.2408699204219,0.0118415946532595,-0.0517226776788761,0.150634856262363,-0.397924136714084,1.34701267273326
matrix,AE1,-146.530417953926,236.862111908601,149.352630962872,-1.43459774021536,1.6442795967199,-0.397924136714084,74.709184096831,-47.6147976641702
matrix,AE1,-168.556354717442,-793.8618395504,37.4226787381613,0.99611546573767,-2.34577312223963,1.34701267273326,-47.6147976641702,95.0081929102172
matrix,AW1,15151.0380884322,7998.76726161471,-4235.28661862796,-9.29971540189328,10.4974571594923,2.06660951997244,-141.903389099078,-225.033561151696
matrix,AW1,7998.76726161471,50717.1957183212,32697.2611932494,-27.8567522808989,-12.0132663765378,33.3313350106746,183.52016009675,-274.73281435864
matrix,AW1,-4235.28661862796,32697.2611932494,87947.6291724818,-4.16386666877295,-42.7219415502299,23.5549327903702,357.717524071173,695.828331270932
matrix,AW1,-9.29971540189328,-27.8567522808989,-4.16386666877295,0.175963898257386,-0.0081360351814867,-0.0256391315264879,-1.15668538100777,0.214379449850303
matrix,AW1,10.4974571594923,-12.0132663765378,-42.7219415502299,-0.0081360351814867,0.199270274483584,-0.0657783728274524,1.09544546079307,-2.5114367375047
matrix,AW1,2.06660951997244,33.3313350106746,23.5549327903702,-0.0256391315264879,-0.0657783728274524,0.179741795193414,-0.048080929615193,1.73531172485243
matrix,AW1,-141.903389099078,183.52016009675,357.717524071173,-1.15668538100777,1.09544546079307,-0.048080929615193,56.5315303849174,-22.6035606539822
matrix,AW1,-225.033561151696,-274.73281435864,695.828331270932,0.214379449850303,-2.5114367375047,1.73531172485243,-22.6035606539822,81.3612815427917
matrix,IY1,5457.45526706143,2037.23960806589,2285.35352552493,4.84832839203624,1.91767886575834,1.65162899817663,-183.679353198763,-59.9282736098038
matrix,IY1,2037.23960806589,164689.383018572,35983.9169578437,-23.6806460331816,-35.1476265569769,-0.384273937452912,401.74900789707,-2046.91696089349
matrix,IY1,2285.35352552493,35983.9169578437,61214.0659694811,-0.299725721658209,-3.95591693246081,-2.72922827470934,298.922216032658,-878.358795324627
matrix,IY1,4.84832839203624,-23.6806460331816,-0.299725721658209,0.12741519271649,-0.00310501673035151,0.00545203487710761,-1.48663576028535,0.491293988680318
matrix,IY1,1.91767886575834,-35.1476265569769,-3.95591693246081,-0.00310501673035151,0.136399577332084,-0.0199511939479517,1.50108663325321,-1.78284485533902
matrix,IY1,1.65162899817663,-0.384273937452912,-2.72922827470934,0.00545203487710761,-0.0199511939479517,0.149892960301232,-0.251876091041921,1.82689356733129
matrix,IY1,-183.679353198763,401.74900789707,298.922216032658,-1.48663576028535,1.50108663325321,-0.251876091041921,93.6345604976526,-58.4308909558025
matrix,IY1,-59.9282736098038,-2046.91696089349,-878.358795324627,0.491293988680318,-1.78284485533902,1.82689356733129,-58.4308909558025,131.523890188274
matrix,OW1,9208.48132354619,5801.16284645423,-4676.91869503516,-1.26323895396606,6.44143960729207,0.291760452243317,-163.960138011438,-187.634343370564
matrix,OW1,5801.16284645423,32597.5243059227,20362.8692124444,-10.5249768409719,-0.100467033614167,12.6715812218406,175.920503258312,-528.332783845094
matrix,OW1,-4676.91869503516,20362.8692124444,129046.486211307,1.54500908515931,-55.8633071535937,5.4309684820459,348.50482202504,1181.58211538649
matrix,OW1,-1.26323895396606,-10.5249768409719,1.54500908515931,0.14903977890339,0.0217937544831333,-0.0136871051923882,-1.09922704424065,-0.00257272697797405
matrix,OW1,6.44143960729207,-0.100467033614167,-55.8633071535937,0.0217937544831333,0.210389721467978,-0.0691158317248506,0.958313549953537,-2.67482426756143
matrix,OW1,0.291760452243317,12.6715812218406,5.4309684820459,-0.0136871051923882,-0.0691158317248506,0.18414070059079,-0.14164842678032,1.8874152596109
matrix,OW1,-163.960138011438,175.920503258312,348.50482202504,-1.09922704424065,0.958313549953537,-0.14164842678032,57.4792427039959,-22.2958410532285
matrix,OW1,-187.634343370564,-528.332783845094,1181.58211538649,-0.00257272697797405,-2.67482426756143,1.8874152596109,-22.2958410532285,95.186726892232
matrix,AO1,13315.7924376626,10349.9772983928,-6526.81299491344,0.010736264176343,5.72271947822067,0.774746370790998,-220.973473245142,-326.837706095928
matrix,AO1,10349.9772983928,29749.4376698367,6648.83877439998,-3.78601769167803,9.9624235108757,4.86580186003243,130.121904110726,-830.567253972203
matrix,AO1,-6526.81299491344,6648.83877439998,124577.75299645,-11.8988326999135,-37.8621903477298,-8.93881315100163,427.973027570862,1155.6559531376
matrix,AO1,0.010736264176343,-3.78601769167803,-11.8988326999135,0.145949401133825,0.0339418581780327,-0.0137615443884143,-0.990449233166452,-0.300955692467682
matrix,AO1,5.72271947822067,9.9624235108757,-37.8621903477298,0.0339418581780327,0.187259819247091,-0.0418844372187649,0.913726938589976,-2.35555294963935
matrix,AO1,0.774746370790998,4.86580186003243,-8.93881315100163,-0.0137615443884143,-0.0418844372187649,0.159910227959527,-0.0188237447541017,1.49565840187848
matrix,AO1,-220.973473245142,130.121904110726,427.973027570862,-0.990449233166452,0.913726938589976,-0.0188237447541017,54.3526973928558,-20.9077181618982
matrix,AO1,-326.837706095928,-830.567253972203,1155.6559531376,-0.300955692467682,-2.35555294963935,1.49565840187848,-20.9077181618982,100.489998922535
matrix,ER1,6608.70337676025,2232.47984972608,-344.454547034919,-0.0821277006149467,5.20670954565769,-0.225466891547905,-187.032695639933,-109.403271110064
matrix,ER1,2232.47984972608,50809.4012814498,24321.7688486173,-15.4275941144393,-27.98978644605,20.275062286285,-153.286346720385,-212.622422915605
matrix,ER1,-344.454547034919,24321.7688486173,43861.4365865951,1.876409703362,-21.7920460182425,11.8762448893946,101.039348542048,241.334886158605
matrix,ER1,-0.0821277006149467,-15.4275941144393,1.876409703362,0.123976177008334,0.00398120976884884,0.0038947716292253,-1.01321576238902,0.256160742161121
matrix,ER1,5.20670954565769,-27.98978644605,-21.7920460182425,0.00398120976884884,0.209472296998826,-0.0215930230975466,1.43023780795102,-1.97237205942862
matrix,ER1,-0.225466891547905,20.275062286285,11.8762448893946,0.0038947716292253,-0.0215930230975466,0.155084363326613,0.0713902629459615,1.06141891539142
matrix,ER1,-187.032695639933,-153.286346720385,101.039348542048,-1.01321576238902,1.43023780795102,0.0713902629459615,72.5826110302723,-23.391054736627
matrix,ER1,-109.403271110064,-212.622422915605,241.334886158605,0.256160742161121,-1.97237205942862,1.06141891539142,-23.391054736627,61.7064517912121
matrix,UH1,5179.2736471909,583.715290914588,-3968.61304315082,0.0754679314294515,3.14886392495458,1.13738052422286,-138.118504955083,-36.7073027262188
matrix,UH1,583.715290914588,62261.4725473303,37027.5944426996,-19.2108800769089,-14.3873660870962,18.2974802449056,299.685952586602,-833.897116900089
matrix,UH1,-3968.61304315082,37027.5944426996,113214.947756577,-4.54943464641849,-53.73956519353,4.20663281024155,236.907849419355,406.454065952063
matrix,UH1,0.0754679314294515,-19.2108800769089,-4.54943464641849,0.13482958462175,0.000550813554298081,-0.010682209637169,-1.2526597154706,0.322814633708179
matrix,UH1,3.14886392495458,-14.3873660870962,-53.73956519353,0.000550813554298081,0.235995522311107,-0.0871950860624172,1.47556331221868,-3.01395955262239
matrix,UH1,1.13738052422286,18.2974802449056,4.20663281024155,-0.010682209637169,-0.0871950860624172,0.208400864438521,-0.392819078131427,2.29182134211979
matrix,UH1,-138.118504955083,299.685952586602,236.907849419355,-1.2526597154706,1.47556331221868,-0.392819078131427,72.2538800533574,-38.8517959674533
matrix,UH1,-36.7073027262188,-833.897116900089,406.454065952063,0.322814633708179,-3.01395955262239,2.29182134211979,-38.8517959674533,109.774106562123
matrix,OY1,6666.6652426499,5649.57456084379,-2748.79741704701,2.58503389277296,9.18619836004063,-0.787636974897609,-86.8353905732594,-229.759364357208
matrix,OY1,5649.57456084379,29204.3027347618,7099.02227258719,-8.72881753458386,8.673050718908,3.72221246806562,287.413675632791,-913.194132086044
matrix,OY1,-2748.79741704701,7099.02227258719,141925.861499738,-4.40169066803171,-57.4397827907885,-1.38178018607777,275.580218376718,1529.95468782188
matrix,OY1,2.58503389277296,-8.72881753458386,-4.40169066803171,0.136670630047216,0.016352659769925,-0.0071789338208043,-1.30071736793165,0.152647844862331
matrix,OY1,9.18619836004063,8.673050718908,-57.4397827907885,0.016352659769925,0.213464676153477,-0.0677845142585757,0.665135273430038,-2.36392365916887
matrix,OY1,-0.787636974897609,3.72221246806562,-1.38178018607777,-0.0071789338208043,-0.0677845142585757,0.17143309310429,-0.163153892807653,1.29320751758079
matrix,OY1,-86.8353905732594,287.413675632791,275.580218376718,-1.30071736793165,0.665135273430038,-0.163153892807653,59.685955488341,-28.6677129741196
matrix,OY1,-229.759364357208,-913.194132086044,1529.95468782188,0.152647844862331,-2.36392365916887,1.29320751758079,-28.6677129741196,106.141790276167
