type,phone,F1_0.33,F2_0.33,F3_0.33,B1_0.33,B2_0.33,B3_0.33,A1A2diff_0.33,A2A3diff_0.33
means,AA1,642.33614139993,1221.59230390433,2522.63616953922,2.08673278227225,2.30309131199437,2.55008009145269,9.71230126626803,17.2302233204362
means,AE1,672.146476949345,1534.13257825839,2603.46984632897,2.09435564409031,2.32621149686966,2.52882733826598,10.8106396698919,11.3492743122747
means,AH1,593.89837398374,1339.34103592971,2554.86291371623,2.04530540257015,2.31065929714136,2.49039066351954,12.4165730920535,13.34777938631
means,AO1,528.503696036354,1037.33365059328,2499.43291593032,2.0311985862156,2.34797341580409,2.52231070436758,12.191128452411,20.1482974501389
means,AW1,599.352775393419,1356.93865522175,2464.60278969957,1.97214406294707,2.26603369098712,2.5132886981402,11.9457989270386,13.6290784692418
means,AY1,650.827253384913,1495.17407264131,2590.50667956157,2.08782808940469,2.3270603911455,2.54605716741887,11.6624670105308,11.5017877283473
means,EH1,547.82107686663,1752.20068794717,2583.6266263071,1.90632880205467,2.31190053201247,2.49134085488901,15.1168731241974,6.9074554944047
means,ER1,574.414942044257,1463.25383561644,2454.62128556375,1.92131201264489,2.32308724973656,2.49602971548999,13.5966260273973,10.9455414120126
means,EY1,450.441324818432,1985.57084898572,2622.65413473579,1.8117022539444,2.33100951665414,2.50497440520912,18.119836989732,4.08008487352868
means,IH1,454.0380831643,1879.43579107505,2627.29504310345,1.86647799188641,2.35209355983773,2.47453600405679,18.7289898326572,4.12550689655172
means,IY1,363.414217802571,2135.53277467863,2711.75844773223,1.85568697550327,2.35851435847684,2.55516315789474,20.9238069852049,2.91495061848169
means,OW1,482.250217917676,1111.16426452785,2493.56947941889,1.99570680992736,2.34432739104116,2.50323156779661,14.708680901937,17.3585726997579
means,OY1,545.676136363636,1023.95492424242,2418.03689393939,2.01788257575758,2.31242424242424,2.49631742424242,10.0445075757576,20.2136848484848
means,UH1,412.017860696517,1359.7684079602,2433.60910447761,1.77475049751244,2.34417885572139,2.46791828358209,20.3194548507463,10.7004809701493
means,UW1,374.462557603687,1542.96887864823,2459.7143202765,1.84986482334869,2.4634680875576,2.48277346390169,22.3807864823349,6.19087142857143
matrix,AY1,17464.5707407348,-7146.50397219511,7679.87041381444,9.80575567261019,-1.81052388052475,5.37805856074798,-493.255381643079,360.28823850627
matrix,AY1,-7146.50397219511,70005.3236278425,24409.8773606239,-8.44279197512773,-1.45375182274553,1.48423859343882,584.564473330213,-1055.1625302976
matrix,AY1,7679.87041381444,24409.8773606239,82734.1694720119,17.0281714344328,-5.89962409822803,-2.02669989483306,66.4942891498952,55.1468710048158
matrix,AY1,9.80575567261019,-8.44279197512773,17.0281714344328,0.101030706753808,0.0062508095651069,0.00664686929454393,-1.08028509880659,0.334924720540392
matrix,AY1,-1.81052388052475,-1.45375182274553,-5.89962409822803,0.0062508095651069,0.0921923244518676,-0.00148378306191847,1.01691315935512,-0.981821000484021
matrix,AY1,5.37805856074798,1.48423859343882,-2.02669989483306,0.00664686929454393,-0.00148378306191847,0.0862913677887933,-0.134045072784781,1.18790009342525
matrix,AY1,-493.255381643079,584.564473330213,66.4942891498952,-1.08028509880659,1.01691315935512,-0.134045072784781,57.3578461222412,-30.0198748335949
matrix,AY1,360.28823850627,-1055.1625302976,55.1468710048158,0.334924720540392,-0.981821000484021,1.18790009342525,-30.0198748335949,62.5982733616701
matrix,AA1,13946.4515207499,7043.34722870297,8202.83547427159,5.42297620324473,1.95394127645763,3.38452366171824,-295.793154789975,37.8064508764339
matrix,AA1,7043.34722870297,36744.8617625649,16893.9375806086,-3.97857271066991,-3.02728735541645,2.06983258001442,180.35475897421,-646.973989249032
matrix,AA1,8202.83547427159,16893.9375806086,86968.4710586862,14.6582342631946,-4.14920707586643,-3.45248294504014,0.990810683951296,-4.73132618579887
matrix,AA1,5.42297620324473,-3.97857271066991,14.6582342631946,0.101327470782791,0.00658521377189378,0.00814639631790169,-0.994985412863482,0.243852852528689
matrix,AA1,1.95394127645763,-3.02728735541645,-4.14920707586643,0.00658521377189378,0.0872640882179473,0.00988233719150559,0.793121823906149,-0.803383222904288
matrix,AA1,3.38452366171824,2.06983258001442,-3.45248294504014,0.00814639631790169,0.00988233719150559,0.0934837875486194,0.0229971000604049,1.04781727564037
matrix,AA1,-295.793154789975,180.35475897421,0.990810683951296,-0.994985412863482,0.793121823906149,0.0229971000604049,44.478789241617,-20.6235996679676
matrix,AA1,37.8064508764339,-646.973989249032,-4.73132618579887,0.243852852528689,-0.803383222904288,1.04781727564037,-20.6235996679676,54.514325419361
matrix,EH1,9323.49229720712,-1299.49916259417,3362.22017339515,5.53865961595081,0.930397147867355,2.21872328718932,-257.954198021512,82.5425471558253
matrix,EH1,-1299.49916259417,75261.2363350679,44153.0006536241,1.05726633210868,-16.1025720157789,11.9740263830815,37.450572859043,-548.50210702901
matrix,EH1,3362.22017339515,44153.0006536241,76399.9384873868,10.8285376926,-19.8744528864617,4.37842116684796,9.86613405591815,-22.391499473295
matrix,EH1,5.53865961595081,1.05726633210868,10.8285376926,0.095698754616161,0.00344329603972001,-0.00988868378059038,-1.11001894284046,-0.103149537237178
matrix,EH1,0.930397147867355,-16.1025720157789,-19.8744528864617,0.00344329603972001,0.108814783443754,0.00117948561128822,1.1865499668088,-0.896355276948795
matrix,EH1,2.21872328718932,11.9740263830815,4.37842116684796,-0.00988868378059038,0.00117948561128822,0.0831913206993791,0.193427684261512,0.820871489625944
matrix,EH1,-257.954198021512,37.450572859043,9.86613405591815,-1.11001894284046,1.1865499668088,0.193427684261512,60.2212503751106,-13.4759353778863
matrix,EH1,82.5425471558253,-548.50210702901,-22.391499473295,-0.103149537237178,-0.896355276948795,0.820871489625944,-13.4759353778863,39.4054090364226
matrix,AH1,11482.5698521822,1837.09729003745,5731.86672740426,6.32376467667784,-0.320924616043474,3.86847663617886,-298.277496859347,125.290296492706
matrix,AH1,1837.09729003745,38768.8237655845,19236.8795145831,-3.64781545077129,-8.18369374245113,-0.218974683400026,173.613468119173,-570.725636285303
matrix,AH1,5731.86672740426,19236.8795145831,71198.5328053328,15.4442471694589,-10.7414721531457,-1.12732506827694,-57.1825392117137,83.909066573457
matrix,AH1,6.32376467667784,-3.64781545077129,15.4442471694589,0.0998435204325045,0.00893045895028302,0.00680736449169242,-1.04356964075438,0.185259458757776
matrix,AH1,-0.320924616043474,-8.18369374245113,-10.7414721531457,0.00893045895028302,0.0885441683271029,0.00906431788063437,0.859685286412352,-0.761344843853422
matrix,AH1,3.86847663617886,-0.218974683400026,-1.12732506827694,0.00680736449169242,0.00906431788063437,0.0962837894878335,0.0204010823641335,1.16736246411756
matrix,AH1,-298.277496859347,173.613468119173,-57.1825392117137,-1.04356964075438,0.859685286412352,0.0204010823641335,45.4211431852674,-19.3331457381073
matrix,AH1,125.290296492706,-570.725636285303,83.909066573457,0.185259458757776,-0.761344843853422,1.16736246411756,-19.3331457381073,51.4815285223452
matrix,UW1,7708.01510601858,6070.55415938079,7056.4135887157,10.0781196969944,-1.33703213655902,-0.368183079627193,-269.711658144438,10.9647873881236
matrix,UW1,6070.55415938079,127963.93931699,30844.7365341587,8.54325833664394,-6.2800472317266,-1.72357842008659,-139.681928266028,-1682.08001567093
matrix,UW1,7056.4135887157,30844.7365341587,59556.9420771021,13.2569400882587,-4.04896056703228,12.2748540171076,-19.3949769884465,109.150952724329
matrix,UW1,10.0781196969944,8.54325833664394,13.2569400882587,0.133607293183949,-0.00248185049296186,0.00258344051836089,-1.86510265675306,-0.000700420563635395
matrix,UW1,-1.33703213655902,-6.2800472317266,-4.04896056703228,-0.00248185049296186,0.0967846454160876,0.00750715179210535,1.22451104817391,-0.924377954488777
matrix,UW1,-0.368183079627193,-1.72357842008659,12.2748540171076,0.00258344051836089,0.00750715179210535,0.0837799536828105,0.249128059675732,0.913506800824324
matrix,UW1,-269.711658144438,-139.681928266028,-19.3949769884465,-1.86510265675306,1.22451104817391,0.249128059675732,76.5288844986493,-16.2306536787767
matrix,UW1,10.9647873881236,-1682.08001567093,109.150952724329,-0.000700420563635395,-0.924377954488777,0.913506800824324,-16.2306536787767,60.6232470250919
matrix,AE1,18104.9124476047,726.433808534774,5487.3902246198,7.42195881865479,-1.40058902855847,4.62153804794528,-429.747083044844,185.097050964322
matrix,AE1,726.433808534774,53990.007803579,30653.9866673223,-0.26438752660402,-7.43355282850901,6.82786345322068,178.986541614779,-568.099451788597
matrix,AE1,5487.3902246198,30653.9866673223,88551.2307944166,13.2321799345487,-18.8324672487073,3.01202396928729,63.5182841504996,199.717744097001
matrix,AE1,7.42195881865479,-0.26438752660402,13.2321799345487,0.112047852662161,0.0101167336694437,0.00661846257717013,-1.01554844915089,0.0643602240178767
matrix,AE1,-1.40058902855847,-7.43355282850901,-18.8324672487073,0.0101167336694437,0.0929838255262409,0.000336720437059028,0.954646553278179,-0.928028764063249
matrix,AE1,4.62153804794528,6.82786345322068,3.01202396928729,0.00661846257717013,0.000336720437059028,0.0797900023245837,-0.0386030909367043,1.02898255029063
matrix,AE1,-429.747083044844,178.986541614779,63.5182841504996,-1.01554844915089,0.954646553278179,-0.0386030909367043,50.9498570918548,-17.4475064507037
matrix,AE1,185.097050964322,-568.099451788597,199.717744097001,0.0643602240178767,-0.928028764063249,1.02898255029063,-17.4475064507037,49.0413637611768
matrix,EY1,8784.4835827384,-6636.31413960199,590.78415348879,9.84980209420757,-0.337461877590956,0.413383109568247,-307.797610259939,85.7606245899346
matrix,EY1,-6636.31413960199,95070.312459274,47230.65187209,-0.602172975110439,-18.6085451984623,18.8747317223864,22.2608413999511,-324.842072460602
matrix,EY1,590.78415348879,47230.65187209,66026.100181572,12.3593595405279,-12.0945043832966,8.47452678846944,132.453031293161,13.3444791905656
matrix,EY1,9.84980209420757,-0.602172975110439,12.3593595405279,0.108794466768466,-0.00348285045732713,-0.00763335617977126,-1.55411545582738,-0.0390041432123902
matrix,EY1,-0.337461877590956,-18.6085451984623,-12.0945043832966,-0.00348285045732713,0.117401735094781,-0.0049812061291077,1.49543482181723,-0.995589777649097
matrix,EY1,0.413383109568247,18.8747317223864,8.47452678846944,-0.00763335617977126,-0.0049812061291077,0.0771576175010552,0.217185714213515,0.76015681980563
matrix,EY1,-307.797610259939,22.2608413999511,132.453031293161,-1.55411545582738,1.49543482181723,0.217185714213515,80.7032782987642,-15.0934566869529
matrix,EY1,85.7606245899346,-324.842072460602,13.3444791905656,-0.0390041432123902,-0.995589777649097,0.76015681980563,-15.0934566869529,32.797897447727
matrix,AO1,9488.01874855809,8235.06953253922,6440.47442315929,4.96738243931763,2.7160601556042,0.908906311436379,-217.581616197107,-71.3531403640581
matrix,AO1,8235.06953253922,51059.7587829829,19875.7342536201,-2.39666479306987,4.95964341904229,0.886139326064355,436.717484262267,-1150.97697732604
matrix,AO1,6440.47442315929,19875.7342536201,74207.1054925811,15.0179703281134,1.25056679748673,1.8286066904961,-39.7756246031882,-47.9382425362498
matrix,AO1,4.96738243931763,-2.39666479306987,15.0179703281134,0.094324197811132,0.00529933396240619,0.00667358205554153,-1.10039329499259,0.347797482415586
matrix,AO1,2.7160601556042,4.95964341904229,1.25056679748673,0.00529933396240619,0.0916638955582536,0.0174894687492853,0.875176444024252,-0.883731118312753
matrix,AO1,0.908906311436379,0.886139326064355,1.8286066904961,0.00667358205554153,0.0174894687492853,0.0925953420369027,0.129015322584247,0.952231765353059
matrix,AO1,-217.581616197107,436.717484262267,-39.7756246031882,-1.10039329499259,0.875176444024252,0.129015322584247,49.7392562444352,-30.2356721030916
matrix,AO1,-71.3531403640581,-1150.97697732604,-47.9382425362498,0.347797482415586,-0.883731118312753,0.952231765353059,-30.2356721030916,68.1232372540718
matrix,OW1,10000.7329084599,13568.2601961034,7621.69447195726,8.52984549049254,0.651454109378883,0.117921526875927,-264.620264789661,-162.543232163289
matrix,OW1,13568.2601961034,71713.1939289775,23121.9712360082,1.62635661491012,1.2479012037724,-0.0544517571269316,269.768648151103,-1421.00803617176
matrix,OW1,7621.69447195726,23121.9712360082,77358.9227136254,9.81527012040965,-1.8699297904594,6.71850813784336,52.9350867411902,-8.96499903147333
matrix,OW1,8.52984549049254,1.62635661491012,9.81527012040965,0.109703500810408,0.0147256626472,0.00548209464720696,-1.27356461537096,0.0642633105946883
matrix,OW1,0.651454109378883,1.2479012037724,-1.8699297904594,0.0147256626472,0.0965508942389073,0.0106041945029108,0.911549502733386,-1.02824044009668
matrix,OW1,0.117921526875927,-0.0544517571269316,6.71850813784336,0.00548209464720696,0.0106041945029108,0.09375363333257,0.13085816006719,1.08164464051693
matrix,OW1,-264.620264789661,269.768648151103,52.9350867411902,-1.27356461537096,0.911549502733386,0.13085816006719,55.571652597973,-25.484175542332
matrix,OW1,-162.543232163289,-1421.00803617176,-8.96499903147333,0.0642633105946883,-1.02824044009668,1.08164464051693,-25.484175542332,74.3382484477316
matrix,AW1,19404.086113122,14782.2732610005,7809.33982482174,9.43161632572353,-2.457902389922,2.39674802781046,-558.533179777263,-26.6328788113534
matrix,AW1,14782.2732610005,54595.3489091423,20709.3988230813,3.42459975006324,-3.77570671271363,-1.83834817626879,-159.320758892639,-854.938943646727
matrix,AW1,7809.33982482174,20709.3988230813,66625.4114841233,10.0278804782781,-9.75674965096267,-1.35515533351664,-15.3905374665823,134.153111270558
matrix,AW1,9.43161632572353,3.42459975006324,10.0278804782781,0.0959449230678042,0.00499505532185769,0.00655740806456304,-1.07638545564345,0.141007754714599
matrix,AW1,-2.457902389922,-3.77570671271363,-9.75674965096267,0.00499505532185769,0.0931408586565172,0.0149455964010863,0.964684649076977,-0.793362708171726
matrix,AW1,2.39674802781046,-1.83834817626879,-1.35515533351664,0.00655740806456304,0.0149455964010863,0.101221861747624,0.0758514118776287,1.11310978719385
matrix,AW1,-558.533179777263,-159.320758892639,-15.3905374665823,-1.07638545564345,0.964684649076977,0.0758514118776287,62.0541361343797,-16.5466237397511
matrix,AW1,-26.6328788113534,-854.938943646727,134.153111270558,0.141007754714599,-0.793362708171726,1.11310978719385,-16.5466237397511,56.07730119134
matrix,IH1,8928.80871182062,-2996.95509067194,3612.42532775193,10.2924935748462,-0.527219458201275,-0.717480851841068,-312.503737179271,73.8869396041435
matrix,IH1,-2996.95509067194,71924.3957328765,40956.5557742114,0.991170062557777,-19.9664117737526,18.2663323359542,-79.9648733390256,-136.591922991255
matrix,IH1,3612.42532775193,40956.5557742114,67870.1472425546,14.684683735415,-18.2685870583072,9.73612945267038,-43.3018031199015,152.170670839926
matrix,IH1,10.2924935748462,0.991170062557777,14.684683735415,0.115862539236545,0.00516849754019627,-0.00187017053128275,-1.37039440579826,-0.0705142645730102
matrix,IH1,-0.527219458201275,-19.9664117737526,-18.2685870583072,0.00516849754019627,0.124617519791129,0.00278792752079712,1.47611356802986,-0.991769174350704
matrix,IH1,-0.717480851841068,18.2663323359542,9.73612945267038,-0.00187017053128275,0.00278792752079712,0.0880994809808329,0.253863875532276,0.789907652024015
matrix,IH1,-312.503737179271,-79.9648733390256,-43.3018031199015,-1.37039440579826,1.47611356802986,0.253863875532276,72.5587870978347,-13.9970566151264
matrix,IH1,73.8869396041435,-136.591922991255,152.170670839926,-0.0705142645730102,-0.991769174350704,0.789907652024015,-13.9970566151264,33.1601056412306
matrix,IY1,7112.31503438923,611.64466180212,1391.87229242939,10.492833316229,2.45299231036053,-2.25466443554483,-261.065912938737,-27.8856548758504
matrix,IY1,611.64466180212,105343.629890116,56369.2156365497,1.5735087632218,-46.5581410456722,25.2195275343216,-321.201583859513,12.4128762408842
matrix,IY1,1391.87229242939,56369.2156365497,96091.682005159,16.8302101728877,-27.1420211780946,22.9708034675426,165.198526518366,431.348796605521
matrix,IY1,10.492833316229,1.5735087632218,16.8302101728877,0.120461408838085,0.00291958737531543,-0.00464998443193136,-1.86431201837819,-0.027714870141142
matrix,IY1,2.45299231036053,-46.5581410456722,-27.1420211780946,0.00291958737531543,0.13609762821688,-0.0252888926562221,1.48652465117818,-1.15949511129952
matrix,IY1,-2.25466443554483,25.2195275343216,22.9708034675426,-0.00464998443193136,-0.0252888926562221,0.0818860464225338,0.201663565645573,0.945683236292806
matrix,IY1,-261.065912938737,-321.201583859513,165.198526518366,-1.86431201837819,1.48652465117818,0.201663565645573,94.7361211295097,-13.0253522737986
matrix,IY1,-27.8856548758504,12.4128762408842,431.348796605521,-0.027714870141142,-1.15949511129952,0.945683236292806,-13.0253522737986,35.3549563296036
matrix,ER1,7597.41169443229,-2741.44594787874,3249.95757887205,6.28074109352394,2.05077783523073,-1.6647143854068,-226.81430676695,59.9621781938583
matrix,ER1,-2741.44594787874,62015.6248354835,30957.7878328276,-11.2341028646899,-17.3277069615918,11.0667153342148,173.74991517327,-472.387627202257
matrix,ER1,3249.95757887205,30957.7878328276,79218.0270481346,4.00088160690356,-20.6572639466716,4.41671537420581,91.2582225530028,220.087347825398
matrix,ER1,6.28074109352394,-11.2341028646899,4.00088160690356,0.0914496571551222,0.0052972829486846,-0.00528038276240146,-0.883693252602017,0.111796037434497
matrix,ER1,2.05077783523073,-17.3277069615918,-20.6572639466716,0.0052972829486846,0.118941081746542,0.00193916987295087,1.25396538664022,-1.22258721839548
matrix,ER1,-1.6647143854068,11.0667153342148,4.41671537420581,-0.00528038276240146,0.00193916987295087,0.0992294755295603,0.277788179953615,1.04708980059302
matrix,ER1,-226.81430676695,173.74991517327,91.2582225530028,-0.883693252602017,1.25396538664022,0.277788179953615,58.4021985717797,-17.4028109830938
matrix,ER1,59.9621781938583,-472.387627202257,220.087347825398,0.111796037434497,-1.22258721839548,1.04708980059302,-17.4028109830938,50.1950226038212
matrix,UH1,5269.35114087223,2213.74107380036,3049.51703867958,6.7628686336933,-3.28310792200269,0.668404162450513,-217.018636897455,94.4815387998364
matrix,UH1,2213.74107380036,87089.3532400525,12269.3248694318,-12.7782708547487,-10.9852195181378,-1.74023701070612,376.359675038865,-1383.81427745624
matrix,UH1,3049.51703867958,12269.3248694318,56821.4947598446,9.31907743133027,-14.7919744149737,7.58760073743982,-27.9130237602833,386.083382977956
matrix,UH1,6.7628686336933,-12.7782708547487,9.31907743133027,0.113240660809217,0.00324359966184024,-0.00553691735032806,-1.54520030863878,0.25626336618009
matrix,UH1,-3.28310792200269,-10.9852195181378,-14.7919744149737,0.00324359966184024,0.104998472827581,0.0151436661654058,1.18990248878264,-0.801132250490047
matrix,UH1,0.668404162450513,-1.74023701070612,7.58760073743982,-0.00553691735032806,0.0151436661654058,0.0892278114834761,0.30951265638069,0.926349339202664
matrix,UH1,-217.018636897455,376.359675038865,-27.9130237602833,-1.54520030863878,1.18990248878264,0.30951265638069,63.5324819069378,-20.4129565125041
matrix,UH1,94.4815387998364,-1383.81427745624,386.083382977956,0.25626336618009,-0.801132250490047,0.926349339202664,-20.4129565125041,59.3230035785789
matrix,OY1,9638.01589106523,-3884.46689227967,691.898918442054,15.7087588710965,16.5096938424705,1.42782820523942,-332.681459100278,119.713269490632
matrix,OY1,-3884.46689227967,32985.2139610629,3589.27631159496,-12.6349132952232,-3.59308547906546,8.62587304331483,644.317771397525,-745.697802138561
matrix,OY1,691.898918442054,3589.27631159496,35131.3140582177,12.9272207927944,10.9208475644229,2.08895936751099,158.253975611497,-95.886963245894
matrix,OY1,15.7087588710965,-12.6349132952232,12.9272207927944,0.125916452900185,0.0549354172958594,0.0207897058784409,-1.15123547948531,0.270693041566042
matrix,OY1,16.5096938424705,-3.59308547906546,10.9208475644229,0.0549354172958594,0.121756545667361,0.0417978075133009,0.171619651188989,-0.357633406576452
matrix,OY1,1.42782820523942,8.62587304331483,2.08895936751099,0.0207897058784409,0.0417978075133009,0.122671080991788,0.401042598874624,0.570765061716401
matrix,OY1,-332.681459100278,644.317771397525,158.253975611497,-1.15123547948531,0.171619651188989,0.401042598874624,60.9722983084918,-26.4044060524798
matrix,OY1,119.713269490632,-745.697802138561,-95.886963245894,0.270693041566042,-0.357633406576452,0.570765061716401,-26.4044060524798,45.7522719657229
