type,phone,F1_0.33,F2_0.33,F3_0.33,B1_0.33,B2_0.33,B3_0.33,A1A2diff_0.33,A2A3diff_0.33
means,AA1,699.503390720296,1225.75140199182,2627.80579016444,2.1671048096966,2.2331174013742,2.49170049409403,6.31875875858874,18.1361476183124
means,AE1,765.49321504695,1658.82372544501,2669.85507460107,2.13938382971369,2.24246268794285,2.48646280891756,7.90521025980759,10.7549884094706
means,AH1,674.280006800408,1409.71656783407,2675.27641074464,2.12309862631758,2.27303825229514,2.47538835090105,9.42236196531792,13.6910032981979
means,AO1,545.695421474971,1006.6933633932,2527.14218035919,2.06842615972488,2.24489582728315,2.50861761559037,9.18018768819259,21.3293707756974
means,AW1,771.926599867506,1563.70998012587,2601.64435574694,2.17917504140444,2.22025690626035,2.49293063928453,7.1055696753892,12.5080221762173
means,AY1,749.257800883526,1372.00268020687,2662.20200571059,2.1977220073268,2.24493278741515,2.49204610494559,6.5348193190389,15.317549585174
means,EH1,641.530661505632,1799.4003324897,2693.10329214431,2.01886739119647,2.21316997171356,2.44006688501811,11.2004159396556,7.9081028981192
means,ER1,581.394464174455,1406.92997819315,2226.41006853583,1.95272987538941,2.29122376947041,2.40250570093458,11.6164751713396,8.79272990654206
means,EY1,577.55689710482,1939.44330740236,2707.39228486647,2.00448890849306,2.2318359852434,2.44721173309808,13.0106588098484,5.44237812976181
means,IH1,489.801030659969,2023.12067440383,2742.40124198857,2.01597961776084,2.24575763612218,2.41167823199954,14.8741833073503,4.00161067613604
means,IY1,420.604241755301,2240.40530202689,2791.58444109974,1.99775027092113,2.27269274198943,2.43825380292996,16.1795149173858,2.37074127366379
means,OW1,609.863290664492,1434.41384508765,2577.39482674276,2.035473632287,2.22441900529963,2.45198158173665,10.9955563310232,12.5962462861802
means,OY1,562.051553884712,1195.46927318296,2605.40972431078,2.15221578947368,2.29669348370927,2.53934185463659,11.1337842105263,17.0031887218045
means,UH1,488.650822281167,1339.36763925729,2462.35127851459,1.93123161803714,2.19277076923077,2.39229713527851,14.8304766047745,11.2868036074271
means,UW1,418.075431974162,1687.0290583367,2497.17200040371,1.95292913807025,2.3603125555107,2.41453661687525,19.1533190754946,5.01305329027049
matrix,UW1,5214.45170839317,4949.87770583227,6238.48699785387,4.67057440232049,-3.03678610222445,-0.0889206671767666,-271.628245564817,56.9425804369555
matrix,UW1,4949.87770583227,119990.966682963,61513.802787914,-7.11452298679134,3.96466183578711,0.221277071326885,152.912194660339,-1112.36490495244
matrix,UW1,6238.48699785387,61513.802787914,74297.4775884074,-2.2170993434457,4.80504851318762,8.6800777420262,386.066433767934,-207.157853912104
matrix,UW1,4.67057440232049,-7.11452298679134,-2.2170993434457,0.0956392426928272,-0.00233564928886403,0.00018797261418271,-1.57021931935976,0.0965911419092661
matrix,UW1,-3.03678610222445,3.96466183578711,4.80504851318762,-0.00233564928886403,0.0828581766385479,0.00632283750629461,1.41403965723196,-0.961855818877492
matrix,UW1,-0.0889206671767666,0.221277071326885,8.6800777420262,0.00018797261418271,0.00632283750629461,0.0625038115327948,0.371374143643829,0.802579668490591
matrix,UW1,-271.628245564817,152.912194660339,386.066433767934,-1.57021931935976,1.41403965723196,0.371374143643829,78.3066265201448,-16.6396068909944
matrix,UW1,56.9425804369555,-1112.36490495244,-207.157853912104,0.0965911419092661,-0.961855818877492,0.802579668490591,-16.6396068909944,44.5566610762454
matrix,AH1,15339.5311203074,5282.04189688814,11091.8182166389,8.00037718880151,-0.953425808271575,2.64399041404821,-384.61098177028,148.533755095326
matrix,AH1,5282.04189688814,44531.6978881174,23836.015318223,-6.77012201580045,4.42388248371826,2.62155946933283,356.026673442287,-653.554734529144
matrix,AH1,11091.8182166389,23836.015318223,86005.3707686724,3.00927605654904,-5.05354915921136,-2.48438518075622,-43.2411832277932,147.872237751025
matrix,AH1,8.00037718880151,-6.77012201580045,3.00927605654904,0.0918696831387549,-0.000946830890730661,0.00762949652711427,-1.23971527041542,0.256894200553361
matrix,AH1,-0.953425808271575,4.42388248371826,-5.05354915921136,-0.000946830890730661,0.0681987882013795,0.012593287937474,0.87337895143257,-0.771590752627532
matrix,AH1,2.64399041404821,2.62155946933283,-2.48438518075622,0.00762949652711427,0.012593287937474,0.0690226655232936,0.12521626627684,0.904141702443892
matrix,AH1,-384.61098177028,356.026673442287,-43.2411832277932,-1.23971527041542,0.87337895143257,0.12521626627684,46.9801423703752,-21.0079090754635
matrix,AH1,148.533755095326,-653.554734529144,147.872237751025,0.256894200553361,-0.771590752627532,0.904141702443892,-21.0079090754635,49.1500738779604
matrix,AY1,17300.5853072697,6958.06841572146,13876.7209826773,5.71542247499268,1.65631179577514,2.5591133373204,-277.618561364441,122.923771419862
matrix,AY1,6958.06841572146,49365.0343850848,19684.0868069563,-2.55533634318542,9.24927852005959,6.25125803401104,375.346608526204,-820.892286942722
matrix,AY1,13876.7209826773,19684.0868069563,106835.333674577,9.07972305525927,-7.21926513989955,-4.86298667547477,-143.063105036218,348.751752298742
matrix,AY1,5.71542247499268,-2.55533634318542,9.07972305525927,0.0836411765529878,-0.00705970072752864,0.00926184794548406,-1.08487144101297,0.291532686849548
matrix,AY1,1.65631179577514,9.24927852005959,-7.21926513989955,-0.00705970072752864,0.067865362465685,0.00661188662898174,0.864983140382654,-0.925386188319462
matrix,AY1,2.5591133373204,6.25125803401104,-4.86298667547477,0.00926184794548406,0.00661188662898174,0.0668922400885398,0.0648250448416985,0.914866692782447
matrix,AY1,-277.618561364441,375.346608526204,-143.063105036218,-1.08487144101297,0.864983140382654,0.0648250448416985,40.0041271127683,-22.0869478338113
matrix,AY1,122.923771419862,-820.892286942722,348.751752298742,0.291532686849548,-0.925386188319462,0.914866692782447,-22.0869478338113,59.3651636302959
matrix,EH1,10545.9393469023,5250.42575716466,8618.15899261617,6.48194742400374,0.113653754157671,2.15449455644778,-274.538895803845,65.4792252485542
matrix,EH1,5250.42575716466,54919.7844428274,42900.9287469947,4.40397673173593,4.99731629951313,6.52860958927396,34.7566331265114,-387.597653113023
matrix,EH1,8618.15899261617,42900.9287469947,80283.5056635732,7.26062414338799,3.17537753384995,4.05917400629518,127.863992678638,-8.26355247559609
matrix,EH1,6.48194742400374,4.40397673173593,7.26062414338799,0.0908525841510052,0.0033828233850329,-0.00285401733101015,-1.15123155414968,-0.115796917179933
matrix,EH1,0.113653754157671,4.99731629951313,3.17537753384995,0.0033828233850329,0.0716463110253044,0.00972626206412528,1.00220693920124,-0.711788477646965
matrix,EH1,2.15449455644778,6.52860958927396,4.05917400629518,-0.00285401733101015,0.00972626206412528,0.0609245565226984,0.288679164716949,0.743591799680095
matrix,EH1,-274.538895803845,34.7566331265114,127.863992678638,-1.15123155414968,1.00220693920124,0.288679164716949,51.0332692234511,-9.30797079237672
matrix,EH1,65.4792252485542,-387.597653113023,-8.26355247559609,-0.115796917179933,-0.711788477646965,0.743591799680095,-9.30797079237672,33.1358177117653
matrix,OW1,12671.4279126051,11560.764494122,12913.5036871651,6.57387050238103,-0.906375328608439,0.519022867364735,-320.521160721911,-18.3423322371258
matrix,OW1,11560.764494122,87894.211049353,43707.4371891366,-7.35425248479278,5.61259407376957,-2.88274278615417,397.333620530531,-1252.48754297863
matrix,OW1,12913.5036871651,43707.4371891366,83844.5172039348,2.47114618786437,1.80751630429601,-0.923882923241914,167.36717044669,-223.582134109193
matrix,OW1,6.57387050238103,-7.35425248479278,2.47114618786437,0.084173862881008,0.000509089191643339,0.00195850597142316,-1.18057054128772,0.149802710946588
matrix,OW1,-0.906375328608439,5.61259407376957,1.80751630429601,0.000509089191643339,0.0847380831865513,0.00965561328957087,1.14528070455881,-0.978304927236571
matrix,OW1,0.519022867364735,-2.88274278615417,-0.923882923241914,0.00195850597142316,0.00965561328957087,0.0718198033895397,0.195360866872568,1.00685035208627
matrix,OW1,-320.521160721911,397.333620530531,167.36717044669,-1.18057054128772,1.14528070455881,0.195360866872568,53.0929490863398,-21.356817119028
matrix,OW1,-18.3423322371258,-1252.48754297863,-223.582134109193,0.149802710946588,-0.978304927236571,1.00685035208627,-21.356817119028,57.3941787130246
matrix,AO1,11107.9715451239,11512.8638582239,10205.7542553749,1.64896235159195,-0.027133533016468,-2.47957909122974,-188.020635967028,-158.383125455429
matrix,AO1,11512.8638582239,37775.06207402,13844.0112344423,-4.72639891984787,10.6165427930022,-0.993623814297015,361.583086165763,-958.299477330773
matrix,AO1,10205.7542553749,13844.0112344423,104698.953135516,-6.47923691327858,-12.1893852655115,-17.9045806775889,-16.5945834123925,120.693906255103
matrix,AO1,1.64896235159195,-4.72639891984787,-6.47923691327858,0.0829560068385453,-0.0194666267228431,0.00343552363880949,-1.23605313855516,0.37266232809565
matrix,AO1,-0.027133533016468,10.6165427930022,-12.1893852655115,-0.0194666267228431,0.0880300267878454,0.00866772901649429,1.25528266350182,-1.26343565363006
matrix,AO1,-2.47957909122974,-0.993623814297015,-17.9045806775889,0.00343552363880949,0.00866772901649429,0.0732118244749011,0.1170482656984,0.91386929104144
matrix,AO1,-188.020635967028,361.583086165763,-16.5945834123925,-1.23605313855516,1.25528266350182,0.1170482656984,47.8847331508703,-28.6668290707924
matrix,AO1,-158.383125455429,-958.299477330773,120.693906255103,0.37266232809565,-1.26343565363006,0.91386929104144,-28.6668290707924,67.1956061103947
matrix,AA1,13966.3981338233,9159.43428263778,16476.4194557208,1.27249272380776,1.99083325993913,-1.39913100020851,-184.443915488934,-14.7433269880633
matrix,AA1,9159.43428263778,32755.6844512152,21268.3015069372,-6.04389593509451,6.91604504115125,-0.305553337474734,260.096386256481,-596.598620185743
matrix,AA1,16476.4194557208,21268.3015069372,120071.085153408,3.88686946265231,-8.89375514523649,-13.8287468597172,-49.4739706761036,199.662341886938
matrix,AA1,1.27249272380776,-6.04389593509451,3.88686946265231,0.0835478540897434,-0.0114340854558451,0.00880156900704277,-1.0760688601313,0.361482373849087
matrix,AA1,1.99083325993913,6.91604504115125,-8.89375514523649,-0.0114340854558451,0.0647327476696827,0.00968887803494682,0.833452083382938,-0.79283009294728
matrix,AA1,-1.39913100020851,-0.305553337474734,-13.8287468597172,0.00880156900704277,0.00968887803494682,0.0681459838431777,0.0644732899084269,0.908205826172425
matrix,AA1,-184.443915488934,260.096386256481,-49.4739706761036,-1.0760688601313,0.833452083382938,0.0644732899084269,36.533597091656,-18.6070247470369
matrix,AA1,-14.7433269880633,-596.598620185743,199.662341886938,0.361482373849087,-0.79283009294728,0.908205826172425,-18.6070247470369,51.2666938351999
matrix,IH1,7095.43555670994,2952.545394056,5846.42267484297,6.20345028529986,-1.49301143335286,0.17132951677785,-329.884565748241,33.7437311487141
matrix,IH1,2952.545394056,58740.3955583972,45806.6942273296,4.03760740726785,5.1634345470499,10.0992626212178,-99.3437648201888,-162.215961655081
matrix,IH1,5846.42267484297,45806.6942273296,68825.53094184,3.61569819912357,1.49535699343152,8.10260695583957,103.277256422108,47.2572468617829
matrix,IH1,6.20345028529986,4.03760740726785,3.61569819912357,0.102002159697717,0.00789809804974888,0.00182784697747406,-1.44493588397578,-0.12834774533903
matrix,IH1,-1.49301143335286,5.1634345470499,1.49535699343152,0.00789809804974888,0.0705195659191375,0.00837896571075286,1.03250758538357,-0.720811141192801
matrix,IH1,0.17132951677785,10.0992626212178,8.10260695583957,0.00182784697747406,0.00837896571075286,0.0550983743269121,0.296668131342353,0.609244439366838
matrix,IH1,-329.884565748241,-99.3437648201888,103.277256422108,-1.44493588397578,1.03250758538357,0.296668131342353,67.8762505287033,-8.03545657077627
matrix,IH1,33.7437311487141,-162.215961655081,47.2572468617829,-0.12834774533903,-0.720811141192801,0.609244439366838,-8.03545657077627,26.4931614551112
matrix,IY1,7120.11133918453,2335.10266044946,3768.48795161158,6.5754816776372,0.112154378862085,-2.30504516414529,-360.442860742635,-6.71738272117762
matrix,IY1,2335.10266044946,68631.1210444582,63072.2383041342,8.06639517898895,-2.05877822155005,14.2559067687704,-164.01236140001,103.810432339621
matrix,IY1,3768.48795161158,63072.2383041342,88707.9962770307,5.94551723344351,-4.6457584957279,16.453637512913,198.907317236261,249.329647834549
matrix,IY1,6.5754816776372,8.06639517898895,5.94551723344351,0.0938703607901661,-9.68741099548476e-05,-0.0068358721857708,-1.710155075378,-0.138585742051589
matrix,IY1,0.112154378862085,-2.05877822155005,-4.6457584957279,-9.68741099548476e-05,0.0740625836006493,-0.00990689950243391,1.13222309567959,-0.936930136690648
matrix,IY1,-2.30504516414529,14.2559067687704,16.453637512913,-0.0068358721857708,-0.00990689950243391,0.0553228025445748,0.360283471013644,0.791343716650628
matrix,IY1,-360.442860742635,-164.01236140001,198.907317236261,-1.710155075378,1.13222309567959,0.360283471013644,88.4640760842329,-7.58895910607065
matrix,IY1,-6.71738272117762,103.810432339621,249.329647834549,-0.138585742051589,-0.936930136690648,0.791343716650628,-7.58895910607065,27.8088175084877
matrix,AE1,20480.854463237,2002.91278901273,8999.93102401697,9.95385851633043,1.6317536053339,3.45397476694517,-394.734174843277,156.384219158248
matrix,AE1,2002.91278901273,41197.9835702025,30072.2232151242,-1.6231222806353,5.14090395062627,6.61131682683185,218.856515369829,-398.385723600383
matrix,AE1,8999.93102401697,30072.2232151242,81635.0956309758,2.23955674965091,-3.57541655191732,-1.98968120594755,59.9305915883289,73.588552580367
matrix,AE1,9.95385851633043,-1.6231222806353,2.23955674965091,0.0968929849009679,0.0080461349669608,0.00504112707687885,-1.11823730481853,-0.0506375105192684
matrix,AE1,1.6317536053339,5.14090395062627,-3.57541655191732,0.0080461349669608,0.0610504542299217,0.00679685147778177,0.709621145967581,-0.740437159741168
matrix,AE1,3.45397476694517,6.61131682683185,-1.98968120594755,0.00504112707687885,0.00679685147778177,0.0605924647718307,0.1351162255406,0.743151299711784
matrix,AE1,-394.734174843277,218.856515369829,59.9305915883289,-1.11823730481853,0.709621145967581,0.1351162255406,44.9666136142668,-11.5552902272178
matrix,AE1,156.384219158248,-398.385723600383,73.588552580367,-0.0506375105192684,-0.740437159741168,0.743151299711784,-11.5552902272178,36.315528320368
matrix,EY1,12485.5685992821,-1974.70200568147,7661.46653954936,6.91049198996388,-1.43982421147986,1.51925686765749,-378.36063159317,158.281937611954
matrix,EY1,-1974.70200568147,62967.6328771577,45753.9009334514,5.04831489833283,12.1434752520026,12.4128826837606,183.923496440863,-306.35468017349
matrix,EY1,7661.46653954936,45753.9009334514,70909.1895157206,7.25932827783101,4.32874297888839,9.5628514312419,120.927508063323,80.2880907133528
matrix,EY1,6.91049198996388,5.04831489833283,7.25932827783101,0.0849889957151143,0.00152645110737561,-0.00615992378788198,-1.17754310661025,-0.136975144797454
matrix,EY1,-1.43982421147986,12.1434752520026,4.32874297888839,0.00152645110737561,0.0610970485405375,0.00399043600861076,0.854707344048125,-0.648264270083961
matrix,EY1,1.51925686765749,12.4128826837606,9.5628514312419,-0.00615992378788198,0.00399043600861076,0.0520496617511588,0.208537729617911,0.663162605287906
matrix,EY1,-378.36063159317,183.923496440863,120.927508063323,-1.17754310661025,0.854707344048125,0.208537729617911,56.4915064098801,-9.31613471448368
matrix,EY1,158.281937611954,-306.35468017349,80.2880907133528,-0.136975144797454,-0.648264270083961,0.663162605287906,-9.31613471448368,28.394365381218
matrix,AW1,17642.2506077017,8718.39936337452,12287.9835326194,10.4268331279775,2.57581056025932,3.33986045718478,-329.928195890271,50.954558897346
matrix,AW1,8718.39936337452,49184.0717324826,36444.8583804411,-2.90027723173679,-1.8297998439906,3.99736796284193,102.606922596382,-434.965750328365
matrix,AW1,12287.9835326194,36444.8583804411,92932.5809213258,8.04930587682807,-8.70318211208127,-0.31783104071777,-21.3375207673452,186.366985246772
matrix,AW1,10.4268331279775,-2.90027723173679,8.04930587682807,0.0897851619792512,-0.00414599989634364,0.00301434167588872,-1.21318775089944,0.11744986633294
matrix,AW1,2.57581056025932,-1.8297998439906,-8.70318211208127,-0.00414599989634364,0.0603356035194648,0.0024499927650061,0.724967592504478,-0.674645057884669
matrix,AW1,3.33986045718478,3.99736796284193,-0.31783104071777,0.00301434167588872,0.0024499927650061,0.0666032643550989,0.061531564623166,0.872151037765016
matrix,AW1,-329.928195890271,102.606922596382,-21.3375207673452,-1.21318775089944,0.724967592504478,0.061531564623166,40.4073866525389,-12.2223418356451
matrix,AW1,50.954558897346,-434.965750328365,186.366985246772,0.11744986633294,-0.674645057884669,0.872151037765016,-12.2223418356451,40.3893358064371
matrix,UH1,5012.16424279483,2406.57186208023,6553.02967856598,2.11097338481531,-1.34597470418912,0.321392454586156,-165.59849451313,45.0385938584971
matrix,UH1,2406.57186208023,86849.8314020142,34857.3266410772,-14.117558099416,30.9142214585579,10.8592242957813,1003.60140791236,-1396.99753376855
matrix,UH1,6553.02967856598,34857.3266410772,102901.672758078,-11.0598673329084,1.01711208622407,-0.164497080730371,755.69756651188,-67.361652152173
matrix,UH1,2.11097338481531,-14.117558099416,-11.0598673329084,0.0891832815369241,-0.00655694539694594,-0.00360912082763407,-1.31563639044355,0.12924673481157
matrix,UH1,-1.34597470418912,30.9142214585579,1.01711208622407,-0.00655694539694594,0.100600160742773,0.0131595226709946,1.46070729310028,-1.48531703042528
matrix,UH1,0.321392454586156,10.8592242957813,-0.164497080730371,-0.00360912082763407,0.0131595226709946,0.0907766201828718,0.284908087634642,0.738527631342612
matrix,UH1,-165.59849451313,1003.60140791236,755.69756651188,-1.31563639044355,1.46070729310028,0.284908087634642,62.8919214131413,-29.1131913174846
matrix,UH1,45.0385938584971,-1396.99753376855,-67.361652152173,0.12924673481157,-1.48531703042528,0.738527631342612,-29.1131913174846,59.4039123032885
matrix,ER1,8184.15991440585,6466.49078102602,7561.24760228042,0.575477544059105,-1.32590472596339,3.441019970491,-170.901788740793,48.3076445507757
matrix,ER1,6466.49078102602,64412.6374020874,75244.8650247756,-19.3863026914642,-38.5827109745516,33.3864640047987,176.200512779764,306.145108182017
matrix,ER1,7561.24760228042,75244.8650247756,181252.717756555,-12.6883424461117,-90.1926473612432,20.0952443607809,296.340348267829,1434.60176581066
matrix,ER1,0.575477544059105,-19.3863026914642,-12.6883424461117,0.0999894336631194,0.00911447599267927,-0.0224622481728637,-1.14499282566187,-0.0775564524082385
matrix,ER1,-1.32590472596339,-38.5827109745516,-90.1926473612432,0.00911447599267927,0.133155340229476,-0.0409641703381057,0.769996340269376,-2.00684437355932
matrix,ER1,3.441019970491,33.3864640047987,20.0952443607809,-0.0224622481728637,-0.0409641703381057,0.109735208172538,0.0246681042550217,1.26283070025949
matrix,ER1,-170.901788740793,176.200512779764,296.340348267829,-1.14499282566187,0.769996340269376,0.0246681042550217,41.6979237777349,-12.5796225979172
matrix,ER1,48.3076445507757,306.145108182017,1434.60176581066,-0.0775564524082385,-2.00684437355932,1.26283070025949,-12.5796225979172,52.995084304727
matrix,OY1,10306.2463342628,13013.2847533935,6776.83019816816,0.370254008066649,4.21071290964849,-3.11971350489918,-178.90468172666,-136.892304520119
matrix,OY1,13013.2847533935,120211.708434898,46390.4149766835,-19.8957589884951,44.8138957515334,-6.85463839663858,1045.82702051613,-2164.26397457606
matrix,OY1,6776.83019816816,46390.4149766835,68404.9522881148,-1.40732564136472,15.6528800057367,-6.56616327988942,249.987220980561,-643.654135751861
matrix,OY1,0.370254008066649,-19.8957589884951,-1.40732564136472,0.115709834247554,0.00128951444988099,0.0148916993626025,-1.22948067100635,0.617823314851891
matrix,OY1,4.21071290964849,44.8138957515334,15.6528800057367,0.00128951444988099,0.166638149555421,0.00242572560005541,1.71588198130389,-2.16345660203348
matrix,OY1,-3.11971350489918,-6.85463839663858,-6.56616327988942,0.0148916993626025,0.00242572560005541,0.105962951685999,0.0177923031248347,1.19947935353856
matrix,OY1,-178.90468172666,1045.82702051613,249.987220980561,-1.22948067100635,1.71588198130389,0.0177923031248347,67.4629492222375,-48.6245930593494
matrix,OY1,-136.892304520119,-2164.26397457606,-643.654135751861,0.617823314851891,-2.16345660203348,1.19947935353856,-48.6245930593494,89.4521457450735
