type,phone,F1_0.33,F2_0.33,F3_0.33,B1_0.33,B2_0.33,B3_0.33,A1A2diff_0.33,A2A3diff_0.33
means,AA1,685.714481623697,1215.27344487109,2594.5588425672,2.11954876577071,2.19067169500823,2.56041283598464,6.68326637410861,19.6438455293472
means,AE1,729.007086120401,1597.66570234114,2597.44454849498,2.06183005852843,2.24762801003344,2.57204594481605,8.96395903010033,12.0966130016722
means,AH1,649.473090062112,1344.48045031056,2617.77801242236,2.0595399068323,2.24897039337474,2.54300310559006,10.0239053312629,15.154990320911
means,AO1,555.742825607064,1016.14766004415,2557.19668322296,2.04265761589404,2.25084067328918,2.56558344370861,9.62835132450331,22.6157289735099
means,AW1,708.120922509225,1499.68236162362,2545.16183271833,2.03065202952029,2.20398216482165,2.57235977859779,8.15715928659287,13.5702533825338
means,AY1,722.369249585406,1426.30081674959,2614.76885157546,2.12666737147595,2.223457960199,2.56162578772803,7.45399631011609,15.1095559286899
means,EH1,609.53372875226,1703.06769981917,2568.58405424955,1.92223974683544,2.24294267631103,2.50991641952984,12.4685828571429,8.99158014466546
means,ER1,587.959149377593,1441.40176348548,2462.44381742739,1.91093029045643,2.22273485477178,2.53494730290456,11.8507566390041,12.4945954356846
means,EY1,541.647064479638,1841.99311651584,2593.65186085973,1.87256826923077,2.29717313348416,2.52266351809955,15.2262919117647,6.25875147058824
means,IH1,474.866744296578,1915.67517110266,2671.79752376426,1.93917927756654,2.34839363117871,2.51111516159696,17.6886008555133,4.76882580798479
means,IY1,408.972983870968,2097.45626185958,2706.58148956357,1.92813591081594,2.39484169829222,2.50145877609108,19.337454601518,2.61500441176471
means,OW1,569.630303377218,1316.39462507155,2546.76829421866,1.98240612478535,2.19873634802519,2.47826863194047,11.6836974813967,14.783103720664
means,OY1,553.10825,1057.935,2480.65075,2.06838,2.08126,2.55596,9.3577725,21.52359
means,UH1,491.965753968254,1301.45547619048,2474.80626984127,1.9447,2.18069206349206,2.4370376984127,14.447996031746,12.8785472222222
means,UW1,411.844322033898,1596.1943220339,2505.14188135593,1.92958228813559,2.44920966101695,2.52386805084746,21.0697294067797,6.14615813559322
matrix,AO1,11200.0387835079,14141.6369195365,7424.0926755836,3.70580863666848,-1.00822283945182,-2.77573648770391,-212.519251460398,-262.675172074735
matrix,AO1,14141.6369195365,57533.9988447701,18894.8809566189,-2.21646741839238,11.8404718086443,-2.59835079966796,524.661728758485,-1449.94401915138
matrix,AO1,7424.0926755836,18894.8809566189,74159.7184369774,2.84004654294397,3.24391497153311,-8.69752290033314,95.3238718958919,-246.88962923847
matrix,AO1,3.70580863666848,-2.21646741839238,2.84004654294397,0.0884192377387635,0.008022447219055,0.00927917611732569,-0.892204677922848,0.247143715309313
matrix,AO1,-1.00822283945182,11.8404718086443,3.24391497153311,0.008022447219055,0.124040404766636,0.0257864584595244,1.33230694034643,-1.07868158432653
matrix,AO1,-2.77573648770391,-2.59835079966796,-8.69752290033314,0.00927917611732569,0.0257864584595244,0.0844032221111603,0.272943042147838,0.951057924588186
matrix,AO1,-212.519251460398,524.661728758485,95.3238718958919,-0.892204677922848,1.33230694034643,0.272943042147838,52.0555496043329,-30.570758867838
matrix,AO1,-262.675172074735,-1449.94401915138,-246.88962923847,0.247143715309313,-1.07868158432653,0.951057924588186,-30.570758867838,76.7823533301871
matrix,AH1,13245.9982396957,5719.11481357413,5738.76628475704,9.03909294912284,-3.45233975621359,2.41831823586723,-400.178927882873,105.178900686061
matrix,AH1,5719.11481357413,40786.5470494605,9644.19486806276,-2.52260573211753,0.916928229289364,2.11798307058422,220.590840242031,-688.649713613454
matrix,AH1,5738.76628475704,9644.19486806276,66592.754249802,8.80409928236263,-1.82361267306548,-1.35795947440421,-42.7574106962859,48.0360626653715
matrix,AH1,9.03909294912284,-2.52260573211753,8.80409928236263,0.0956194885619799,0.00412096128569177,0.00619948254301347,-1.16650859212897,0.248507697072117
matrix,AH1,-3.45233975621359,0.916928229289364,-1.82361267306548,0.00412096128569177,0.0892749536025381,0.0163540595793059,1.10120995674,-0.844069887205409
matrix,AH1,2.41831823586723,2.11798307058422,-1.35795947440421,0.00619948254301347,0.0163540595793059,0.0784302614610909,0.244968818290012,0.871065838155399
matrix,AH1,-400.178927882873,220.590840242031,-42.7574106962859,-1.16650859212897,1.10120995674,0.244968818290012,51.9528590506862,-22.0213567672503
matrix,AH1,105.178900686061,-688.649713613454,48.0360626653715,0.248507697072117,-0.844069887205409,0.871065838155399,-22.0213567672503,51.6188783076691
matrix,IH1,7290.95193780239,1296.04763852689,4852.31089949491,4.65430704567348,-2.47519140733544,-0.584772481760847,-328.530048711907,51.7131430988039
matrix,IH1,1296.04763852689,63148.3865110501,38025.4921646417,1.33496257511178,-5.42729341260448,8.40856829816539,-61.4326910467466,-258.261554279026
matrix,IH1,4852.31089949491,38025.4921646417,63857.5948912976,6.09891209702145,-7.94447004811296,2.35030457774224,7.65464191177236,-8.53551261319087
matrix,IH1,4.65430704567348,1.33496257511178,6.09891209702145,0.11327006270875,0.00640212861736538,0.00205095475085384,-1.19657268388621,-0.055336536340833
matrix,IH1,-2.47519140733544,-5.42729341260448,-7.94447004811296,0.00640212861736538,0.105863969869072,0.0173946579568071,1.28558176083284,-0.887710542346254
matrix,IH1,-0.584772481760847,8.40856829816539,2.35030457774224,0.00205095475085384,0.0173946579568071,0.0697117077633595,0.542546069316552,0.560438002076427
matrix,IH1,-328.530048711907,-61.4326910467466,7.65464191177236,-1.19657268388621,1.28558176083284,0.542546069316552,65.2953672597044,-11.5844039987905
matrix,IH1,51.7131430988039,-258.261554279026,-8.53551261319087,-0.055336536340833,-0.887710542346254,0.560438002076427,-11.5844039987905,30.4170392998139
matrix,EH1,8600.32868989022,4494.28481719062,5064.14718686711,5.03772618748557,-0.0743613556413774,3.4122664908519,-202.211348425925,30.37542565221
matrix,EH1,4494.28481719062,61870.5391157637,41471.8313302044,-2.97606084739874,-2.93222998754655,6.21597938908401,86.6084181338536,-558.999828467178
matrix,EH1,5064.14718686711,41471.8313302044,74638.7278550839,-2.94833788370551,-11.01531362207,-0.917255824552434,158.2483739997,-82.2086120124536
matrix,EH1,5.03772618748557,-2.97606084739874,-2.94833788370551,0.0866787529456667,0.00259114156652439,-0.00172673200235395,-1.02555357799059,0.00973771061942884
matrix,EH1,-0.0743613556413774,-2.93222998754655,-11.01531362207,0.00259114156652439,0.0871938880550634,0.00780045282289996,0.985749966426504,-0.852089660179837
matrix,EH1,3.4122664908519,6.21597938908401,-0.917255824552434,-0.00172673200235395,0.00780045282289996,0.0662742415175663,0.188212012759872,0.709313055868825
matrix,EH1,-202.211348425925,86.6084181338536,158.2483739997,-1.02555357799059,0.985749966426504,0.188212012759872,51.3124823483601,-11.6432127927103
matrix,EH1,30.37542565221,-558.999828467178,-82.2086120124536,0.00973771061942884,-0.852089660179837,0.709313055868825,-11.6432127927103,36.9973964496527
matrix,IY1,9585.09166536851,1739.68478548311,4184.38444405821,10.0380012359378,1.47151952193533,-3.59698740375017,-376.753469602014,-68.7150577730185
matrix,IY1,1739.68478548311,112927.297569313,53421.5497871086,5.88193855623029,-45.2428504885702,23.3898103294521,-811.404512183075,17.4268030022614
matrix,IY1,4184.38444405821,53421.5497871086,74982.9183912306,7.90002873006172,-25.5968224209457,15.6741996751035,-100.892487162054,315.425613020003
matrix,IY1,10.0380012359378,5.88193855623029,7.90002873006172,0.0881678714245616,-0.00345673063434301,-0.00901940625028481,-1.44241186305806,-0.199199796513512
matrix,IY1,1.47151952193533,-45.2428504885702,-25.5968224209457,-0.00345673063434301,0.134109491725069,-0.0139289471459034,1.80609081226413,-1.20174772696146
matrix,IY1,-3.59698740375017,23.3898103294521,15.6741996751035,-0.00901940625028481,-0.0139289471459034,0.0706493984469114,0.248164991535298,0.77764148757161
matrix,IY1,-376.753469602014,-811.404512183075,-100.892487162054,-1.44241186305806,1.80609081226413,0.248164991535298,89.5319233907856,-9.88580237593156
matrix,IY1,-68.7150577730185,17.4268030022614,315.425613020003,-0.199199796513512,-1.20174772696146,0.77764148757161,-9.88580237593156,33.5805987361884
matrix,UW1,8308.03690903955,4569.88808393353,4246.9927730323,6.68250396126421,-4.53593345230805,-2.37921231302741,-342.052222546204,9.62655928965944
matrix,UW1,4569.88808393353,105105.712582831,28101.7813630238,9.06298408424979,-9.70135593661678,1.742247607244,-380.262885788783,-1096.96062818108
matrix,UW1,4246.9927730323,28101.7813630238,66034.0037777976,-2.8833008843763,-0.0877686203964874,13.5519793892512,332.02759003708,78.8313637607625
matrix,UW1,6.68250396126421,9.06298408424979,-2.8833008843763,0.1161530076504,0.00123118509916476,0.00852202889080807,-1.57451668634894,0.0491117516412501
matrix,UW1,-4.53593345230805,-9.70135593661678,-0.0877686203964874,0.00123118509916476,0.112581874817527,0.0227253622342836,1.60427322728139,-0.853080413216918
matrix,UW1,-2.37921231302741,1.742247607244,13.5519793892512,0.00852202889080807,0.0227253622342836,0.078163176204849,0.575451412568817,0.696789340832665
matrix,UW1,-342.052222546204,-380.262885788783,332.02759003708,-1.57451668634894,1.60427322728139,0.575451412568817,80.6314446554619,-12.0549162547814
matrix,UW1,9.62655928965944,-1096.96062818108,78.8313637607625,0.0491117516412501,-0.853080413216918,0.696789340832665,-12.0549162547814,45.4302351176691
matrix,ER1,7869.67004355768,5685.42994412272,6936.01067726641,6.718531716048,0.16814580101966,0.772080296037819,-216.045585055672,28.3224011000595
matrix,ER1,5685.42994412272,29708.249073183,27186.2941687218,0.855297859154083,-8.76007694309055,-1.02538922288455,-97.9889148111085,-202.273335201913
matrix,ER1,6936.01067726641,27186.2941687218,138576.447689763,-10.2697891865581,-15.4737397965338,12.2490614115648,415.912305577514,726.45967945613
matrix,ER1,6.718531716048,0.855297859154083,-10.2697891865581,0.0943791275629092,0.0240614031832024,0.00390893099662701,-0.873121305024801,-0.133025040734638
matrix,ER1,0.16814580101966,-8.76007694309055,-15.4737397965338,0.0240614031832024,0.105793996662037,0.0146488672459692,0.879014347335686,-0.785321691025612
matrix,ER1,0.772080296037819,-1.02538922288455,12.2490614115648,0.00390893099662701,0.0146488672459692,0.102156371063397,0.26250755658759,1.36147594543465
matrix,ER1,-216.045585055672,-97.9889148111085,415.912305577514,-0.873121305024801,0.879014347335686,0.26250755658759,52.4689140882822,-8.62040738059333
matrix,ER1,28.3224011000595,-202.273335201913,726.45967945613,-0.133025040734638,-0.785321691025612,1.36147594543465,-8.62040738059333,47.9281500678378
matrix,AY1,16309.7749693661,1968.11118734065,8489.16683455884,9.04450657193794,-0.825718874778947,1.16680038808618,-424.993222849307,206.851950197109
matrix,AY1,1968.11118734065,56473.0849682667,11238.2570638998,-11.3101123325267,9.56779302315156,3.37920522239659,302.373546654197,-1028.86417329497
matrix,AY1,8489.16683455884,11238.2570638998,70223.2382562086,12.3768863756197,-7.55564513705941,-4.03352149712484,-180.613925615189,261.800799415978
matrix,AY1,9.04450657193794,-11.3101123325267,12.3768863756197,0.0931855711331958,0.00321634239380658,0.00994225269161933,-1.05452439948585,0.509560359975773
matrix,AY1,-0.825718874778947,9.56779302315156,-7.55564513705941,0.00321634239380658,0.0816399760502547,0.00861777565527815,0.908418730902466,-1.02711513308122
matrix,AY1,1.16680038808618,3.37920522239659,-4.03352149712484,0.00994225269161933,0.00861777565527815,0.0706166540174215,-0.0185430189384029,0.937666572754556
matrix,AY1,-424.993222849307,302.373546654197,-180.613925615189,-1.05452439948585,0.908418730902466,-0.0185430189384029,48.28131424374,-26.4545488103908
matrix,AY1,206.851950197109,-1028.86417329497,261.800799415978,0.509560359975773,-1.02711513308122,0.937666572754556,-26.4545488103908,64.1005460331171
matrix,AA1,12191.3971240862,7971.19288850461,5861.0912782965,0.99352554422813,2.27574309014917,-1.82246199883095,-209.318220546804,-81.2672557831914
matrix,AA1,7971.19288850461,31116.9762690265,5928.62047665679,-6.18387115271627,5.5644561431149,-1.15792724182765,166.37058137825,-722.734413418729
matrix,AA1,5861.0912782965,5928.62047665679,71074.8903328528,5.37533177820844,-5.30289347624782,-7.58096278041497,-133.652014262871,118.56593806974
matrix,AA1,0.99352554422813,-6.18387115271627,5.37533177820844,0.0843926175382673,0.00447046239095157,0.0112694859543803,-0.776180314950965,0.226068075440418
matrix,AA1,2.27574309014917,5.5644561431149,-5.30289347624782,0.00447046239095157,0.0802543710973998,0.00607359324497081,0.807231171989519,-1.04985274507173
matrix,AA1,-1.82246199883095,-1.15792724182765,-7.58096278041497,0.0112694859543803,0.00607359324497081,0.083657073677079,0.110055545124504,1.10605236703876
matrix,AA1,-209.318220546804,166.37058137825,-133.652014262871,-0.776180314950965,0.807231171989519,0.110055545124504,36.1851465561409,-18.8754771493244
matrix,AA1,-81.2672557831914,-722.734413418729,118.56593806974,0.226068075440418,-1.04985274507173,1.10605236703876,-18.8754771493244,62.6922116753025
matrix,UH1,4396.79748349301,-806.891592193132,2333.71987334155,5.34484696015936,-3.58292042427117,-0.602128616186049,-246.205663861538,81.9079156276007
matrix,UH1,-806.891592193132,66119.7725595333,-5078.92767271865,-16.5134041394422,19.8037919241131,3.39728268118005,733.715902193132,-1574.59655916003
matrix,UH1,2333.71987334155,-5078.92767271865,48698.0866218871,4.45346567729084,1.42122030493897,7.67226496986657,-98.1037782658571,392.147921065294
matrix,UH1,5.34484696015936,-16.5134041394422,4.45346567729084,0.088940536812749,0.00559951362549801,0.00620039988047809,-1.24636705840637,0.53640364250996
matrix,UH1,-3.58292042427117,19.8037919241131,1.42122030493897,0.00559951362549801,0.120242931092139,0.0200296398222981,1.3453309677373,-1.32099226153608
matrix,UH1,-0.602128616186049,3.39728268118005,7.67226496986657,0.00620039988047809,0.0200296398222981,0.103682105465598,0.168600526365332,1.12176759845175
matrix,UH1,-246.205663861538,733.715902193132,-98.1037782658571,-1.24636705840637,1.3453309677373,0.168600526365332,62.2330302109005,-40.5039730197322
matrix,UH1,81.9079156276007,-1574.59655916003,392.147921065294,0.53640364250996,-1.32099226153608,1.12176759845175,-40.5039730197322,86.85551238306
matrix,OW1,9433.32093810951,9897.48253336123,4286.4966199336,5.8280534872588,-4.01140892512282,1.20438380677266,-281.105475941389,-47.3400508802818
matrix,OW1,9897.48253336123,66919.6665103261,6318.05910033374,-3.69311616866453,-10.6503244505682,1.03009991893123,163.1294139876,-1119.94306303383
matrix,OW1,4286.4966199336,6318.05910033374,61848.1810626098,8.41780475100336,10.3994585752103,2.34236647624466,158.481278409218,8.55798930188289
matrix,OW1,5.8280534872588,-3.69311616866453,8.41780475100336,0.0840301677917897,0.0107159274232968,0.00554657810746749,-0.941431823294989,0.0705521188317233
matrix,OW1,-4.01140892512282,-10.6503244505682,10.3994585752103,0.0107159274232968,0.107177377148855,0.0198186377616677,1.17238966916949,-0.778857443514469
matrix,OW1,1.20438380677266,1.03009991893123,2.34236647624466,0.00554657810746749,0.0198186377616677,0.0847323346168559,0.246612022566999,0.961875964154578
matrix,OW1,-281.105475941389,163.1294139876,158.481278409218,-0.941431823294989,1.17238966916949,0.246612022566999,54.526922735721,-21.1510898098875
matrix,OW1,-47.3400508802818,-1119.94306303383,8.55798930188289,0.0705521188317233,-0.778857443514469,0.961875964154578,-21.1510898098875,59.3488832035314
matrix,EY1,8445.26161667496,-1438.26793114051,4331.91888616744,4.54171919203017,-4.44008768219424,0.405409037724355,-261.829662483293,111.644611728428
matrix,EY1,-1438.26793114051,81832.8239520815,39382.9787464327,-11.4103627386324,-5.89923032029739,19.051654898707,240.553428104452,-774.348235608151
matrix,EY1,4331.91888616744,39382.9787464327,56907.5171033264,2.1210528355372,-10.9487663331121,6.33596725807892,79.2737995210019,-98.3585675525401
matrix,EY1,4.54171919203017,-11.4103627386324,2.1210528355372,0.0889779705206021,0.000589196294730312,-0.0038398728220909,-1.04840164471067,0.210049205771081
matrix,EY1,-4.44008768219424,-5.89923032029739,-10.9487663331121,0.000589196294730312,0.111382834710719,0.0047351490476003,1.28264956488161,-0.959299969142698
matrix,EY1,0.405409037724355,19.051654898707,6.33596725807892,-0.0038398728220909,0.0047351490476003,0.0641526762517926,0.38870407042915,0.496951921607161
matrix,EY1,-261.829662483293,240.553428104452,79.2737995210019,-1.04840164471067,1.28264956488161,0.38870407042915,59.9678273715984,-16.5233458006191
matrix,EY1,111.644611728428,-774.348235608151,-98.3585675525401,0.210049205771081,-0.959299969142698,0.496951921607161,-16.5233458006191,40.6074327308411
matrix,AE1,16364.0867562485,3089.93377559403,6981.37600284526,7.48126682664489,2.97116288089918,5.45172004234018,-256.469022819139,103.822195965128
matrix,AE1,3089.93377559403,39026.5072850774,20961.5513830023,4.04244920242646,2.34083804472737,5.70209654049047,50.4282311458927,-432.006238254849
matrix,AE1,6981.37600284526,20961.5513830023,70311.0539904276,7.4367601681151,-0.317744584169454,0.560059532045336,114.783223881536,69.1605188074203
matrix,AE1,7.48126682664489,4.04244920242646,7.4367601681151,0.0910394469882023,0.0150867775558673,0.0097968964519313,-0.728655666894297,-0.0715608054725304
matrix,AE1,2.97116288089918,2.34083804472737,-0.317744584169454,0.0150867775558673,0.077772366877176,0.00820877124286797,0.791404730591796,-0.808015726734049
matrix,AE1,5.45172004234018,5.70209654049047,0.560059532045336,0.0097968964519313,0.00820877124286797,0.0674054989546904,0.0466213292984492,0.775622294638693
matrix,AE1,-256.469022819139,50.4282311458927,114.783223881536,-0.728655666894297,0.791404730591796,0.0466213292984492,42.2684917851129,-11.9022730459288
matrix,AE1,103.822195965128,-432.006238254849,69.1605188074203,-0.0715608054725304,-0.808015726734049,0.775622294638693,-11.9022730459288,40.3035992736954
matrix,AW1,13942.2634933598,7176.68307885318,9397.07015471116,5.69383841622889,1.67115868026648,2.50686766769218,-258.120402110179,61.9346912561122
matrix,AW1,7176.68307885318,45280.9455431843,21307.2978024399,-8.01694190504517,-9.04407984822224,-1.42480542829422,-54.2200496549634,-575.416422782629
matrix,AW1,9397.07015471116,21307.2978024399,67958.5354915877,-0.589720883650228,-3.45836825175564,-8.36899345821442,66.3187172816046,15.0229933343103
matrix,AW1,5.69383841622889,-8.01694190504517,-0.589720883650228,0.0900340203068366,0.00692666642170942,0.0150890406790213,-0.754772961388944,0.289727715125516
matrix,AW1,1.67115868026648,-9.04407984822224,-3.45836825175564,0.00692666642170942,0.0845126240041748,0.0131814786659971,0.751978640972482,-0.542806159834918
matrix,AW1,2.50686766769218,-1.42480542829422,-8.36899345821442,0.0150890406790213,0.0131814786659971,0.0896317663728573,0.0699919006510733,1.08805690877538
matrix,AW1,-258.120402110179,-54.2200496549634,66.3187172816046,-0.754772961388944,0.751978640972482,0.0699919006510733,46.0153796233773,-11.5583433744988
matrix,AW1,61.9346912561122,-575.416422782629,15.0229933343103,0.289727715125516,-0.542806159834918,1.08805690877538,-11.5583433744988,47.9064770678611
matrix,OY1,5737.1171276282,2646.04425,-732.235093525642,3.45199775897436,6.53532395384615,1.38204823589744,-95.3472428698718,-14.5055484282051
matrix,OY1,2646.04425,17968.8606153846,-9719.98626538461,-5.68086833333333,8.98466884615385,-2.20271061538462,171.848168448718,-615.174620692308
matrix,OY1,-732.235093525642,-9719.98626538461,34843.5014019872,12.4929718615385,10.0532323641026,7.74676387692308,-131.035768414743,462.099046110256
matrix,OY1,3.45199775897436,-5.68086833333333,12.4929718615385,0.095021777025641,0.0251755850769231,0.0124574907179487,-1.06648184671795,0.540774424153846
matrix,OY1,6.53532395384615,8.98466884615385,10.0532323641026,0.0251755850769231,0.141707601435897,-0.00273824753846152,0.580604071435898,-1.20795873784615
matrix,OY1,1.38204823589744,-2.20271061538462,7.74676387692308,0.0124574907179487,-0.00273824753846152,0.110913084,-0.156139814717949,1.66363243317949
matrix,OY1,-95.3472428698718,171.848168448718,-131.035768414743,-1.06648184671795,0.580604071435898,-0.156139814717949,30.2870010328141,-24.0322265287436
matrix,OY1,-14.5055484282051,-615.174620692308,462.099046110256,0.540774424153846,-1.20795873784615,1.66363243317949,-24.0322265287436,65.6478440004103
