type,phone,F1_0.33,F2_0.33,F3_0.33,B1_0.33,B2_0.33,B3_0.33,A1A2diff_0.33,A2A3diff_0.33
means,AA1,710.593614897977,1293.89766105319,2683.35394101399,2.13848091419407,2.27436947340283,2.52182274792836,7.15106199768333,16.4547753898245
means,AE1,748.682212346365,1637.11449343796,2686.40343378932,2.10051633914312,2.28123855287827,2.52976579404208,8.14722165127422,10.4693932365808
means,AH1,628.886746738641,1375.13582546109,2682.38638146649,2.09592475933423,2.31538951866847,2.52066052181736,10.5890413945119,13.3280045973909
means,AO1,582.153347893613,1106.20503494467,2640.71582508251,2.09714340904679,2.3343135798874,2.5231833818676,9.9025543001359,19.3408704911668
means,AW1,752.999506220096,1538.07783349282,2641.00793684211,2.12827293779904,2.25633902392345,2.56055749282297,7.12340914832536,12.4269448421053
means,AY1,753.567346725802,1448.06749608662,2699.9654428646,2.18576834724759,2.27202434776937,2.54081239890425,6.71608496608401,13.9248368445082
means,EH1,648.761837561034,1775.19558532809,2702.14136060498,1.98468420269144,2.25715069667738,2.48910219125878,11.0314660235798,7.79482155531737
means,ER1,596.363258845438,1573.10137337058,2637.7524255121,1.96617355679702,2.19003291433892,2.4529094972067,11.1246830540037,10.4360394785847
means,EY1,579.801351812367,1921.44771108742,2698.78714925373,1.97311434968017,2.30257185501066,2.49556029850746,12.8914243176972,4.99139025586354
means,IH1,500.027319371728,1995.18585471204,2737.98376243456,1.96362287958115,2.30187019633508,2.45645141361257,15.4603769109948,3.78195968586387
means,IY1,443.310247029661,2166.21122318147,2753.11679801692,1.99854242242927,2.36806558680229,2.47029516197966,16.3036921873664,1.74315928711856
means,OW1,609.911371910488,1369.88192635271,2649.75186539746,2.05578143787575,2.27486455410822,2.48540951903808,10.6366890865063,13.7468653974616
means,OY1,597.757710280374,1229.75509345794,2626.29864485981,2.12304439252336,2.29703925233645,2.51299205607477,9.72213504672897,16.8402341121495
means,UH1,506.427568786649,1306.30279206134,2572.30780784844,1.99518678394226,2.28843585926928,2.46592440234551,14.6551124492558,13.0501307622914
means,UW1,441.996198270893,1661.33319423631,2554.61067896254,1.98810831123919,2.42316818443804,2.49597658789625,19.0733273314121,5.58406785014409
matrix,AY1,23780.7070129192,10905.7061168704,11983.7076510544,4.91893245361464,1.10449919773448,1.54155187674564,-359.566532932462,44.5189570524972
matrix,AY1,10905.7061168704,58062.4068193709,18958.4963817136,-7.62876321036783,6.20811496436703,3.06237110403718,262.807272457494,-953.090159773501
matrix,AY1,11983.7076510544,18958.4963817136,100791.102791096,6.70873390903543,-7.78740074945022,-13.3535437658136,-81.7855160257921,37.6618967713995
matrix,AY1,4.91893245361464,-7.62876321036783,6.70873390903543,0.0950640584716535,0.00168454017780787,0.00416756234669547,-1.10105689742195,0.132865279936771
matrix,AY1,1.10449919773448,6.20811496436703,-7.78740074945022,0.00168454017780787,0.0761269353258742,0.00703102183168019,0.847772269958395,-0.908744250130067
matrix,AY1,1.54155187674564,3.06237110403718,-13.3535437658136,0.00416756234669547,0.00703102183168019,0.0752471428017069,0.118368696664141,0.868713504713056
matrix,AY1,-359.566532932462,262.807272457494,-81.7855160257921,-1.10105689742195,0.847772269958395,0.118368696664141,47.4476561779835,-19.8289525163849
matrix,AY1,44.5189570524972,-953.090159773501,37.6618967713995,0.132865279936771,-0.908744250130067,0.868713504713056,-19.8289525163849,57.759473880399
matrix,EH1,13351.9882091284,6245.8128384706,9007.3801575068,5.43557864952688,0.294636378818587,1.98862755150228,-305.844523279253,44.091856188936
matrix,EH1,6245.8128384706,54646.9724577798,35476.8972790315,0.106978054891178,0.599949057860517,5.10831669781813,-68.1706295225994,-435.905934865473
matrix,EH1,9007.3801575068,35476.8972790315,79493.2900170434,2.20698390686408,-7.78845135344602,-5.19664208873163,-7.46571566198052,-42.5520131903495
matrix,EH1,5.43557864952688,0.106978054891178,2.20698390686408,0.0898892669278255,0.00400754634668186,-0.00273635582615727,-1.10919986225475,-0.129110173680187
matrix,EH1,0.294636378818587,0.599949057860517,-7.78845135344602,0.00400754634668186,0.0827155851757785,0.00715872311167524,0.947678245783215,-0.850009119048544
matrix,EH1,1.98862755150228,5.10831669781813,-5.19664208873163,-0.00273635582615727,0.00715872311167524,0.0725048357184161,0.181498046580142,0.789315683907983
matrix,EH1,-305.844523279253,-68.1706295225994,-7.46571566198052,-1.10919986225475,0.947678245783215,0.181498046580142,57.0531273430485,-10.648296031453
matrix,EH1,44.091856188936,-435.905934865473,-42.5520131903495,-0.129110173680187,-0.850009119048544,0.789315683907983,-10.648296031453,38.0767379999367
matrix,IH1,8539.6198974803,3819.30289975843,6200.41238078469,8.21618144329784,-1.19332623121658,-0.401781374769188,-358.149291743486,32.4379982482972
matrix,IH1,3819.30289975843,57384.366804885,40539.0007491598,3.19874565300037,-2.05918945250109,5.35318014526724,-286.375217438606,-184.559713156195
matrix,IH1,6200.41238078469,40539.0007491598,67158.6558364551,3.81506949025806,-8.14060781468599,-0.746216337703291,-97.4866009430992,-17.1377074715191
matrix,IH1,8.21618144329784,3.19874565300037,3.81506949025806,0.117208739952961,0.00516273695329284,-0.00155360610080496,-1.61749443641129,-0.0802220965813324
matrix,IH1,-1.19332623121658,-2.05918945250109,-8.14060781468599,0.00516273695329284,0.089790968539002,0.00791971620876753,1.22163824195662,-0.922253793416392
matrix,IH1,-0.401781374769188,5.35318014526724,-0.746216337703291,-0.00155360610080496,0.00791971620876753,0.0677430664591574,0.256749785828177,0.678926598246664
matrix,IH1,-358.149291743486,-286.375217438606,-97.4866009430992,-1.61749443641129,1.22163824195662,0.256749785828177,72.189635713977,-12.6710778647832
matrix,IH1,32.4379982482972,-184.559713156195,-17.1377074715191,-0.0802220965813324,-0.922253793416392,0.678926598246664,-12.6710778647832,31.1865847398538
matrix,AH1,15286.7944881377,6340.89877465797,7649.56443527567,6.9019460518533,-1.07676689976651,2.01757228202887,-390.863465858213,77.7667596564011
matrix,AH1,6340.89877465797,49775.0924224673,15122.7962570452,-9.28483391903607,4.37240659219599,2.24734059296494,331.086704363119,-909.294917133407
matrix,AH1,7649.56443527567,15122.7962570452,72923.3131151937,1.0490030674663,-7.50256385176886,-6.03930098081811,-29.9814537820868,-66.4984735832367
matrix,AH1,6.9019460518533,-9.28483391903607,1.0490030674663,0.107513914486794,0.00505869603333295,0.00582512510386862,-1.30033145739534,0.18143174754587
matrix,AH1,-1.07676689976651,4.37240659219599,-7.50256385176886,0.00505869603333295,0.0860864629844273,0.0160279046014749,1.0588101235552,-0.940602220325212
matrix,AH1,2.01757228202887,2.24734059296494,-6.03930098081811,0.00582512510386862,0.0160279046014749,0.0779139917020851,0.184484411950145,0.879114894299742
matrix,AH1,-390.863465858213,331.086704363119,-29.9814537820868,-1.30033145739534,1.0588101235552,0.184484411950145,57.3249356051866,-24.3023938857446
matrix,AH1,77.7667596564011,-909.294917133407,-66.4984735832367,0.18143174754587,-0.940602220325212,0.879114894299742,-24.3023938857446,57.636586983649
matrix,AA1,17117.4045370561,11178.3161879871,8952.05388240181,0.75365368787303,4.18105324866014,2.18007788042386,-186.519923704174,-62.4550895493286
matrix,AA1,11178.3161879871,40048.9372004012,13391.6173728615,-5.50809495972219,8.397368268729,2.8819817240361,243.548557119269,-796.658201894762
matrix,AA1,8952.05388240181,13391.6173728615,90948.3945671172,8.2939697719805,-2.63089984501948,-11.9770152611959,-35.8952158776651,-146.362133864596
matrix,AA1,0.75365368787303,-5.50809495972219,8.2939697719805,0.0941624856970077,0.00124617563635741,0.00541860136362558,-1.01528743773125,0.136672054944618
matrix,AA1,4.18105324866014,8.397368268729,-2.63089984501948,0.00124617563635741,0.0814875280379244,0.00892177999763324,0.877269374894886,-0.964911435247856
matrix,AA1,2.18007788042386,2.8819817240361,-11.9770152611959,0.00541860136362558,0.00892177999763324,0.0790161981877075,0.0876268661122787,0.916414580107198
matrix,AA1,-186.519923704174,243.548557119269,-35.8952158776651,-1.01528743773125,0.877269374894886,0.0876268661122787,43.1617050842579,-20.2500241841094
matrix,AA1,-62.4550895493286,-796.658201894762,-146.362133864596,0.136672054944618,-0.964911435247856,0.916414580107198,-20.2500241841094,58.1903356647623
matrix,UW1,9510.83796080459,4232.30013683951,8555.79424315105,9.7904287982597,-1.88975564782998,-0.968486739812218,-366.194225018747,63.9301409541962
matrix,UW1,4232.30013683951,112794.888943946,37491.9006511051,-7.99846362696616,0.286752799701317,0.759585766284229,71.691604256473,-1349.17363259386
matrix,UW1,8555.79424315105,37491.9006511051,65925.0520472332,9.4273331479187,0.598681456121013,9.53564157192729,-7.19274412277863,-13.3041601257364
matrix,UW1,9.7904287982597,-7.99846362696616,9.4273331479187,0.125988704193078,0.0018139870525596,0.00321394380193828,-1.70050084800791,0.160279027323957
matrix,UW1,-1.88975564782998,0.286752799701317,0.598681456121013,0.0018139870525596,0.0951230979454583,0.0156582181171616,1.43199360099072,-0.999435809853973
matrix,UW1,-0.968486739812218,0.759585766284229,9.53564157192729,0.00321394380193828,0.0156582181171616,0.0733539165385061,0.455212241563409,0.755586960133775
matrix,UW1,-366.194225018747,71.691604256473,-7.19274412277863,-1.70050084800791,1.43199360099072,0.455212241563409,75.8667269898443,-21.2944048110557
matrix,UW1,63.9301409541962,-1349.17363259386,-13.3041601257364,0.160279027323957,-0.999435809853973,0.755586960133775,-21.2944048110557,54.9030176864749
matrix,IY1,11551.2221907665,4568.58573846512,8129.26524539697,10.9610551877585,0.289766876940856,-1.13176006907319,-421.337504471313,21.3855574421833
matrix,IY1,4568.58573846512,76540.9922016068,52648.3553058745,6.02624184227518,-20.7466765703152,9.82595693787246,-657.771328712618,107.736381427902
matrix,IY1,8129.26524539697,52648.3553058745,76128.9284028085,10.7153546076376,-13.6838539551307,5.94577127199246,-272.125438280617,126.855170428868
matrix,IY1,10.9610551877585,6.02624184227518,10.7153546076376,0.120327803925094,-0.00180038082498974,-0.00624162167540524,-1.97614786302638,-0.0634029495336123
matrix,IY1,0.289766876940856,-20.7466765703152,-13.6838539551307,-0.00180038082498974,0.108219308172786,-0.00848314035713686,1.52880347394466,-1.26122557663968
matrix,IY1,-1.13176006907319,9.82595693787246,5.94577127199246,-0.00624162167540524,-0.00848314035713686,0.0634347275693425,0.149903040446897,0.768856644158459
matrix,IY1,-421.337504471313,-657.771328712618,-272.125438280617,-1.97614786302638,1.52880347394466,0.149903040446897,92.3512745465503,-17.789211249659
matrix,IY1,21.3855574421833,107.736381427902,126.855170428868,-0.0634029495336123,-1.26122557663968,0.768856644158459,-17.789211249659,35.4391725715198
matrix,OW1,12119.3409416584,11093.3169891482,10009.3253120711,5.29890959248231,-0.277444283559415,0.168816507106656,-261.905808369077,-76.7993883889336
matrix,OW1,11093.3169891482,87161.9655492826,25113.0710153791,-8.11707672390579,5.11662402903856,-1.82062411520703,389.502758642987,-1586.48150804933
matrix,OW1,10009.3253120711,25113.0710153791,74883.977423376,4.13741021750963,-1.61790118890512,-3.85121581859335,-22.2207609727927,-163.318608223046
matrix,OW1,5.29890959248231,-8.11707672390579,4.13741021750963,0.0954963297856902,0.00399311462049088,0.00106924386021563,-1.1411137303195,0.143611082707963
matrix,OW1,-0.277444283559415,5.11662402903856,-1.61790118890512,0.00399311462049088,0.0896683945923356,0.0127214023366039,1.07355144806657,-1.00575792045084
matrix,OW1,0.168816507106656,-1.82062411520703,-3.85121581859335,0.00106924386021563,0.0127214023366039,0.077128685253848,0.209004458650868,0.960825340142354
matrix,OW1,-261.905808369077,389.502758642987,-22.2207609727927,-1.1411137303195,1.07355144806657,0.209004458650868,55.0586318536788,-24.4468922906741
matrix,OW1,-76.7993883889336,-1586.48150804933,-163.318608223046,0.143611082707963,-1.00575792045084,0.960825340142354,-24.4468922906741,71.2571607123341
matrix,ER1,11848.5114270089,9390.66864843335,12371.6104242298,3.24889481467276,0.14164323176508,3.15022406312043,-257.9109450393,32.5931424651373
matrix,ER1,9390.66864843335,41945.9849988116,27674.2525336957,-5.04321131299141,-5.38709315514546,-1.09472928272788,-113.896086829068,-440.657877832073
matrix,ER1,12371.6104242298,27674.2525336957,76766.6478981197,2.40605370040479,-11.9437462452183,-3.65354210735,-173.739142647281,21.4946094198028
matrix,ER1,3.24889481467276,-5.04321131299141,2.40605370040479,0.0974354702179907,0.00782399618981577,0.00168607577989816,-1.05214245089079,-0.0239209535340552
matrix,ER1,0.14164323176508,-5.38709315514546,-11.9437462452183,0.00782399618981577,0.0829525271462302,0.0108504299108279,0.725491813785786,-0.776610934974912
matrix,ER1,3.15022406312043,-1.09472928272788,-3.65354210735,0.00168607577989816,0.0108504299108279,0.0959393424621598,0.141750636961201,1.08949500867938
matrix,ER1,-257.9109450393,-113.896086829068,-173.739142647281,-1.05214245089079,0.725491813785786,0.141750636961201,54.797234897831,-12.9787838215338
matrix,ER1,32.5931424651373,-440.657877832073,21.4946094198028,-0.0239209535340552,-0.776610934974912,1.08949500867938,-12.9787838215338,44.8051705079237
matrix,EY1,13149.8133572938,2170.14029984256,8198.46077255011,6.28383778463014,0.275434412824231,2.65608351577086,-360.913283525893,118.662776910178
matrix,EY1,2170.14029984256,58892.8806384217,37615.6659218887,3.89680256893993,1.34586751100619,4.63583130862661,-138.192504988794,-369.949899644654
matrix,EY1,8198.46077255011,37615.6659218887,69352.4922081428,5.67152258926436,-6.23667441524651,-2.01072516991341,-55.4998614880845,-9.21506912363346
matrix,EY1,6.28383778463014,3.89680256893993,5.67152258926436,0.0925415062041298,0.00189207814887681,-0.0035157693993154,-1.19922975536658,-0.0763218402557244
matrix,EY1,0.275434412824231,1.34586751100619,-6.23667441524651,0.00189207814887681,0.0896348713284703,0.00487371324328883,1.04251878793367,-0.922408276577722
matrix,EY1,2.65608351577086,4.63583130862661,-2.01072516991341,-0.0035157693993154,0.00487371324328883,0.0677041447121403,0.144095622474241,0.709839915410095
matrix,EY1,-360.913283525893,-138.192504988794,-55.4998614880845,-1.19922975536658,1.04251878793367,0.144095622474241,65.6938007079692,-13.718151255093
matrix,EY1,118.662776910178,-369.949899644654,-9.21506912363346,-0.0763218402557244,-0.922408276577722,0.709839915410095,-13.718151255093,34.2204512788985
matrix,AE1,21545.5650156052,2124.92670064855,7848.52623340969,6.41381647475242,-0.786621781548243,2.56485257345846,-382.37046181332,153.320647800381
matrix,AE1,2124.92670064855,48770.1529745507,26331.2083192986,-2.71661804141014,-0.0372166471358853,3.43860967197691,117.504091169788,-574.889187296899
matrix,AE1,7848.52623340969,26331.2083192986,88355.0525087708,1.31001443402982,-13.0067311137111,-10.6449168150358,-10.5218504252539,41.2031479462119
matrix,AE1,6.41381647475242,-2.71661804141014,1.31001443402982,0.0953737395212083,0.00773123278739637,0.00422114731657374,-1.04618291268018,-0.108009818561706
matrix,AE1,-0.786621781548243,-0.0372166471358853,-13.0067311137111,0.00773123278739637,0.0746685751816279,0.00788890418132971,0.761161976599251,-0.826084085564927
matrix,AE1,2.56485257345846,3.43860967197691,-10.6449168150358,0.00422114731657374,0.00788890418132971,0.0726265889743156,0.087289986728154,0.762820249340857
matrix,AE1,-382.37046181332,117.504091169788,-10.5218504252539,-1.04618291268018,0.761161976599251,0.087289986728154,48.4093462339784,-13.5306641637494
matrix,AE1,153.320647800381,-574.889187296899,41.2031479462119,-0.108009818561706,-0.826084085564927,0.762820249340857,-13.5306641637494,43.8131675976459
matrix,AO1,13305.0511227872,13095.2368129254,9499.54980752285,3.01891910007009,-0.418676238265248,-1.02568827782163,-247.18926275651,-162.449092955465
matrix,AO1,13095.2368129254,70222.0446757536,26384.349744593,-6.05446711121515,19.562487621067,-0.000478486362243911,686.012721461844,-1545.91399244096
matrix,AO1,9499.54980752285,26384.349744593,84908.3699575514,-1.24897669624084,-1.48291376108427,-6.48023720383903,87.4749445396028,-320.46710711952
matrix,AO1,3.01891910007009,-6.05446711121515,-1.24897669624084,0.0964656663709809,-0.00257147257187901,0.00405842308723705,-1.15924960722483,0.24043580755134
matrix,AO1,-0.418676238265248,19.562487621067,-1.48291376108427,-0.00257147257187901,0.106255903272515,0.0124680259843585,1.34431910086238,-1.53881949562195
matrix,AO1,-1.02568827782163,-0.000478486362243911,-6.48023720383903,0.00405842308723705,0.0124680259843585,0.0772855869813587,0.177925547208638,0.930306184293572
matrix,AO1,-247.18926275651,686.012721461844,87.4749445396028,-1.15924960722483,1.34431910086238,0.177925547208638,56.6276370125856,-36.1516600050648
matrix,AO1,-162.449092955465,-1545.91399244096,-320.46710711952,0.24043580755134,-1.53881949562195,0.930306184293572,-36.1516600050648,82.4260985016629
matrix,AW1,21616.6433849016,11634.6352416368,9195.29601875518,5.09843016217066,1.58877323290232,1.53204078949684,-329.571832226339,-17.2959546480297
matrix,AW1,11634.6352416368,45743.6382773498,22109.9320834313,-3.99110108716388,-1.13946264629579,3.19477550455949,-26.0685784110722,-577.591823811521
matrix,AW1,9195.29601875518,22109.9320834313,84519.0121414164,8.47319440855082,-8.14363207567422,-9.71936927933143,-28.9500277085339,-5.35438974130976
matrix,AW1,5.09843016217066,-3.99110108716388,8.47319440855082,0.099328529164128,0.00551138327296761,0.00465780744821691,-0.973429390102685,-0.040979382388845
matrix,AW1,1.58877323290232,-1.13946264629579,-8.14363207567422,0.00551138327296761,0.0726725438769185,0.00759111815030884,0.690250550332055,-0.709950026650709
matrix,AW1,1.53204078949684,3.19477550455949,-9.71936927933143,0.00465780744821691,0.00759111815030884,0.0803615402582611,0.110884981970108,0.852930947193613
matrix,AW1,-329.571832226339,-26.0685784110722,-28.9500277085339,-0.973429390102685,0.690250550332055,0.110884981970108,47.6730476561337,-11.6680165570374
matrix,AW1,-17.2959546480297,-577.591823811521,-5.35438974130976,-0.040979382388845,-0.709950026650709,0.852930947193613,-11.6680165570374,46.049851152114
matrix,UH1,9127.45772905946,6071.44636689946,10773.7635684947,9.24582931713242,0.245394133701021,0.485569764227727,-300.374935893005,-5.92227276633179
matrix,UH1,6071.44636689946,83196.9095038886,15337.6782026938,-1.69004490532157,12.0806768849418,9.59091639663785,461.532827634449,-1576.54716613196
matrix,UH1,10773.7635684947,15337.6782026938,85974.3776837302,3.35671638978789,-3.79730313480323,-2.48650428763746,-132.11331223082,77.543832457809
matrix,UH1,9.24582931713242,-1.69004490532157,3.35671638978789,0.12035113835865,0.00623187192720063,0.00226083141921874,-1.52711877378846,0.0754902470042126
matrix,UH1,0.245394133701021,12.0806768849418,-3.79730313480323,0.00623187192720063,0.0996116733389838,0.0230028011326776,1.14031020243244,-1.16719170248899
matrix,UH1,0.485569764227727,9.59091639663785,-2.48650428763746,0.00226083141921874,0.0230028011326776,0.0883109453654481,0.344169891880187,0.646376888838339
matrix,UH1,-300.374935893005,461.532827634449,-132.11331223082,-1.52711877378846,1.14031020243244,0.344169891880187,60.0148380730489,-28.4393585105275
matrix,UH1,-5.92227276633179,-1576.54716613196,77.543832457809,0.0754902470042126,-1.16719170248899,0.646376888838339,-28.4393585105275,73.0142039685208
matrix,OY1,13916.3574590518,17214.0963309662,5429.97002927691,3.70666690024571,4.10431662551007,-2.45034666146725,-220.773348172897,-317.339977024812
matrix,OY1,17214.0963309662,118087.539966893,45014.2307961366,-7.49238821778334,22.2415487240139,-9.66310732554517,950.74875890516,-2504.3972109586
matrix,OY1,5429.97002927691,45014.2307961366,75071.0441807841,9.45906322475977,4.08262914264402,-16.9199795178579,341.869908019547,-631.176090737594
matrix,OY1,3.70666690024571,-7.49238821778334,9.45906322475977,0.126595426142117,0.0317187939770085,0.00807781688012812,-0.640621264286122,0.0739296725630731
matrix,OY1,4.10431662551007,22.2415487240139,4.08262914264402,0.0317187939770085,0.113652888874556,0.0174370250081172,1.14272496669299,-1.09706600538283
matrix,OY1,-2.45034666146725,-9.66310732554517,-16.9199795178579,0.00807781688012812,0.0174370250081172,0.107020705241762,0.212699213894739,1.12547933952108
matrix,OY1,-220.773348172897,950.74875890516,341.869908019547,-0.640621264286122,1.14272496669299,0.212699213894739,67.8394691402214,-40.6690862691354
matrix,OY1,-317.339977024812,-2504.3972109586,-631.176090737594,0.0739296725630731,-1.09706600538283,1.12547933952108,-40.6690862691354,102.212285396812
