type,phone,F1_0.33,F2_0.33,F3_0.33,B1_0.33,B2_0.33,B3_0.33,A1A2diff_0.33,A2A3diff_0.33
means,AA1,705.165102022632,1277.97366390448,2655.74282544774,2.15062706941103,2.25675161721465,2.48929799518845,7.05884952330037,16.981720359975
means,AE1,759.201926255121,1649.38393028262,2692.87889868759,2.13424464967711,2.26202542878967,2.4873888966044,8.44863710159017,10.774621505451
means,AH1,629.912953666217,1370.47684480432,2664.44180116959,2.09985729194782,2.29368385065227,2.48801147998201,10.6810254790823,13.7462828250112
means,AO1,566.967625703747,1054.66288390604,2552.29068530382,2.06053196466705,2.26001098815764,2.50331370607649,9.24326527858668,20.4765543389633
means,AW1,765.042570334928,1539.70325933014,2609.04815311005,2.1671836937799,2.24234105263158,2.50592118660287,7.59343557894737,12.7518312344498
means,AY1,753.953089616488,1434.34965301331,2676.14270480042,2.20033877511088,2.26116945603966,2.5009964779546,6.82138698799896,14.235768973389
means,EH1,649.900947362153,1786.75842265095,2717.59542277004,2.01350241157556,2.23977864713588,2.45379258663809,11.37381886388,8.05668737048946
means,ER1,581.424823091248,1442.65341247672,2290.19002793296,1.94680526070763,2.30131731843575,2.3713907821229,11.8086927374302,8.22545572625698
means,EY1,577.38571641791,1946.91141897655,2724.689945629,1.98301496801706,2.25506028784648,2.4499523880597,13.155037771855,5.40470557569296
means,IH1,498.123820680628,2013.18602945026,2757.05406348168,1.97607620418848,2.26669479057592,2.4177132526178,15.6415318848168,4.00893302225131
means,IY1,436.387580989828,2214.97433028464,2780.36620736815,1.97745793657578,2.28532116420207,2.4349473886657,16.1283710231644,2.47364874775622
means,OW1,601.699581663327,1358.41795758183,2593.99653974616,2.04009648463594,2.23855226285905,2.46326786907148,10.7782026887108,13.9999295340681
means,OY1,597.589158878505,1231.69714953271,2630.84074766355,2.12361682242991,2.29182242990654,2.51829626168224,9.58165654205608,17.029711682243
means,UH1,490.068809201624,1301.43115020298,2472.89433468651,1.91756540369869,2.21317126747857,2.43346630581867,15.0396107352278,12.5459607126748
means,UW1,431.44583054755,1672.35759884726,2515.11071469741,1.92782854178674,2.36500712391931,2.44137385590778,19.0877806224784,5.58679966570605
matrix,IH1,7409.06941189532,3842.42300700312,6553.55020516225,7.73662346175793,-1.23321468688225,0.0635979172925042,-333.69020656623,43.0234889079103
matrix,IH1,3842.42300700312,59050.7921869368,46770.4977216003,5.90526469077218,5.34985970010761,7.29895733732812,-163.015315508577,-216.785539323826
matrix,IH1,6553.55020516225,46770.4977216003,73749.3585668956,6.15956264379095,0.097270861146223,3.82886034401106,-5.91743509809073,-7.473533124128
matrix,IH1,7.73662346175793,5.90526469077218,6.15956264379095,0.111098024012556,0.00377056077595742,-0.000180467481598807,-1.64223263461527,-0.0820941087764323
matrix,IH1,-1.23321468688225,5.34985970010761,0.097270861146223,0.00377056077595742,0.0699076825973774,0.0026614953606197,1.0339083112421,-0.814577457703608
matrix,IH1,0.0635979172925042,7.29895733732812,3.82886034401106,-0.000180467481598807,0.0026614953606197,0.0547371963352539,0.182873767070706,0.667061972904967
matrix,IH1,-333.69020656623,-163.015315508577,-5.91743509809073,-1.64223263461527,1.0339083112421,0.182873767070706,67.3544795545615,-10.7586177960945
matrix,IH1,43.0234889079103,-216.785539323826,-7.473533124128,-0.0820941087764323,-0.814577457703608,0.667061972904967,-10.7586177960945,28.8877734399726
matrix,AY1,23779.5461427529,12991.349302605,17871.4913557155,7.61314322726652,0.890742983554067,1.20793907513139,-363.336292460089,65.9468114515511
matrix,AY1,12991.349302605,58858.3892699337,31861.8323929026,-3.768072003569,6.41915265628505,1.80963894229096,284.784516413853,-895.570461170378
matrix,AY1,17871.4913557155,31861.8323929026,126425.285030574,6.19768745561256,-4.81571021403313,-6.0897992840611,-4.51442850671138,247.492375855109
matrix,AY1,7.61314322726652,-3.768072003569,6.19768745561256,0.085919674203783,-0.00709051519024301,0.00342685102105903,-1.19044062717659,0.145252313332158
matrix,AY1,0.890742983554067,6.41915265628505,-4.81571021403313,-0.00709051519024301,0.063109723334829,0.00391074855656031,0.823975515557138,-0.850894301857006
matrix,AY1,1.20793907513139,1.80963894229096,-6.0897992840611,0.00342685102105903,0.00391074855656031,0.0658912808003268,0.106641394045878,0.930220235133035
matrix,AY1,-363.336292460089,284.784516413853,-4.51442850671138,-1.19044062717659,0.823975515557138,0.106641394045878,43.0399455749471,-18.3909320170465
matrix,AY1,65.9468114515511,-895.570461170378,247.492375855109,0.145252313332158,-0.850894301857006,0.930220235133035,-18.3909320170465,57.2643534479545
matrix,IY1,7214.46317847,4153.15151325415,6149.41901754732,7.47240889764106,0.729525065134802,-0.948754931005365,-325.496462033941,11.1867583098445
matrix,IY1,4153.15151325415,74262.0269268104,67254.3550945148,10.0473232850857,-1.84023457618212,12.0574214447162,-288.693311510432,40.8466137299913
matrix,IY1,6149.41901754732,67254.3550945148,90932.8218958814,9.74797609306256,-3.54980581663057,12.8354816681172,-3.64148215290665,145.445529213877
matrix,IY1,7.47240889764106,10.0473232850857,9.74797609306256,0.10612347997526,0.00131707575952332,-0.00504613641392012,-1.82299685883822,-0.0822023160378893
matrix,IY1,0.729525065134802,-1.84023457618212,-3.54980581663057,0.00131707575952332,0.0697203152846421,-0.0105951666236479,0.978504108477061,-0.896951273040686
matrix,IY1,-0.948754931005365,12.0574214447162,12.8354816681172,-0.00504613641392012,-0.0105951666236479,0.0526310966171759,0.200464568851492,0.755783175744934
matrix,IY1,-325.496462033941,-288.693311510432,-3.64148215290665,-1.82299685883822,0.978504108477061,0.200464568851492,81.0860286206956,-9.2563502320315
matrix,IY1,11.1867583098445,40.8466137299913,145.445529213877,-0.0822023160378893,-0.896951273040686,0.755783175744934,-9.2563502320315,27.117055706566
matrix,OW1,11123.6599784889,11461.1296115881,12915.8113020513,5.81769242675474,0.769131125998908,0.0222012831752857,-235.740983971067,-46.5321075179152
matrix,OW1,11461.1296115881,89277.864955561,38580.2171862599,-2.96626379473785,10.6411612917202,-6.84396607823988,471.802384621859,-1523.73201082084
matrix,OW1,12915.8113020513,38580.2171862599,93256.9572724515,3.19358228929631,4.84356462728792,-8.14251104413409,189.842726929054,-244.901020972285
matrix,OW1,5.81769242675474,-2.96626379473785,3.19358228929631,0.086095169700376,-0.00228769898118861,-0.000746304458681594,-1.17696948602813,0.0638039737180279
matrix,OW1,0.769131125998908,10.6411612917202,4.84356462728792,-0.00228769898118861,0.0837670879097016,0.0063072624117535,1.12241684271709,-1.08169464434784
matrix,OW1,0.0222012831752857,-6.84396607823988,-8.14251104413409,-0.000746304458681594,0.0063072624117535,0.0700639892906905,0.109905874609154,1.0673288185933
matrix,OW1,-235.740983971067,471.802384621859,189.842726929054,-1.17696948602813,1.12241684271709,0.109905874609154,51.1893405466433,-23.9586471251433
matrix,OW1,-46.5321075179152,-1523.73201082084,-244.901020972285,0.0638039737180279,-1.08169464434784,1.0673288185933,-23.9586471251433,67.6549634960103
matrix,AE1,22452.6793191782,1837.12505346347,8535.96372879517,10.4407178483624,0.978626330389262,3.22697820138946,-411.839481246055,172.305564117114
matrix,AE1,1837.12505346347,49567.6616060796,32630.6551687315,1.29514116859919,4.37942478338406,2.85894125148974,207.701580251878,-583.667058450362
matrix,AE1,8535.96372879517,32630.6551687315,92534.3149313704,2.35732072931555,-4.89832577664579,-8.67505413903471,44.59454694628,-30.0993697702725
matrix,AE1,10.4407178483624,1.29514116859919,2.35732072931555,0.0959746607687679,0.00540096988258946,0.00355799172218635,-1.13961621042613,-0.12924704285125
matrix,AE1,0.978626330389262,4.37942478338406,-4.89832577664579,0.00540096988258946,0.0601950667088873,0.00229298107958774,0.680396108315514,-0.794131579355923
matrix,AE1,3.22697820138946,2.85894125148974,-8.67505413903471,0.00355799172218635,0.00229298107958774,0.0587385306149005,0.0598794677348989,0.760151262251995
matrix,AE1,-411.839481246055,207.701580251878,44.59454694628,-1.13961621042613,0.680396108315514,0.0598794677348989,45.1099554443046,-13.0566450825681
matrix,AE1,172.305564117114,-583.667058450362,-30.0993697702725,-0.12924704285125,-0.794131579355923,0.760151262251995,-13.0566450825681,40.5463531116229
matrix,AA1,15798.3274140134,10528.0700000272,14755.5055153105,2.58901434245282,3.16305088561738,0.226106517180138,-199.407852332446,-14.4756734941911
matrix,AA1,10528.0700000272,37788.5893424292,21943.263072404,-4.42048481439086,7.21874440478526,-0.357927656795772,254.806782758831,-694.116932199002
matrix,AA1,14755.5055153105,21943.263072404,121606.048596356,5.31288585213233,-4.28643561778488,-12.1472629599383,63.212086972787,167.207333848724
matrix,AA1,2.58901434245282,-4.42048481439086,5.31288585213233,0.0875351582228046,-0.0101952701328916,0.00441038559339349,-1.14878273304626,0.219255577822549
matrix,AA1,3.16305088561738,7.21874440478526,-4.28643561778488,-0.0101952701328916,0.060321040050628,0.0064046746668497,0.769928852372229,-0.796386125621505
matrix,AA1,0.226106517180138,-0.357927656795772,-12.1472629599383,0.00441038559339349,0.0064046746668497,0.0676957038820969,0.0673482931522255,0.914069506506692
matrix,AA1,-199.407852332446,254.806782758831,63.212086972787,-1.14878273304626,0.769928852372229,0.0673482931522255,38.4690584335444,-17.4046176864468
matrix,AA1,-14.4756734941911,-694.116932199002,167.207333848724,0.219255577822549,-0.796386125621505,0.914069506506692,-17.4046176864468,53.53245384846
matrix,EH1,13097.3493295556,6695.72133537162,10698.7950939453,6.54693347166271,1.03254582556566,1.59138411849858,-299.124693427567,58.3706166370473
matrix,EH1,6695.72133537162,58079.2094615802,43893.3843936789,3.45284959339502,6.59597992915873,4.48184144885488,56.016050531692,-484.615431800545
matrix,EH1,10698.7950939453,43893.3843936789,87881.9949728963,5.43753603598987,3.76721384562647,-3.01859741272346,127.35309472739,-119.542825590355
matrix,EH1,6.54693347166271,3.45284959339502,5.43753603598987,0.0909899603294427,0.00307220506251361,-0.00589469033583986,-1.18129572375776,-0.171646356559787
matrix,EH1,1.03254582556566,6.59597992915873,3.76721384562647,0.00307220506251361,0.070205551726485,0.00294236087605362,0.917306487213993,-0.826037252571842
matrix,EH1,1.59138411849858,4.48184144885488,-3.01859741272346,-0.00589469033583986,0.00294236087605362,0.0616935541229701,0.206804054279673,0.789855425793344
matrix,EH1,-299.124693427567,56.016050531692,127.35309472739,-1.18129572375776,0.917306487213993,0.206804054279673,52.3167896928592,-10.615047183636
matrix,EH1,58.3706166370473,-484.615431800545,-119.542825590355,-0.171646356559787,-0.826037252571842,0.789855425793344,-10.615047183636,35.8988658684721
matrix,UW1,5596.8785752007,3413.17026047387,6735.32289870309,5.27079276785294,-2.64419928883189,-0.416674166432074,-264.656091442804,80.8372848753641
matrix,UW1,3413.17026047387,127035.772769228,61970.0332022697,-9.05732561730166,10.7084260678339,-0.0194826881002354,377.315207414269,-1391.89957825178
matrix,UW1,6735.32289870309,61970.0332022697,77140.175861283,1.78539489359476,7.13280168248002,5.65141692334487,336.012747980648,-287.412614124848
matrix,UW1,5.27079276785294,-9.05732561730166,1.78539489359476,0.104079518555805,-0.00369698599652783,0.000123419310961175,-1.65040125009593,0.179241695637857
matrix,UW1,-2.64419928883189,10.7084260678339,7.13280168248002,-0.00369698599652783,0.0847484780562303,0.00384461491534527,1.40392730043319,-1.09387362074007
matrix,UW1,-0.416674166432074,-0.0194826881002354,5.65141692334487,0.000123419310961175,0.00384461491534527,0.0624119793256306,0.291534744650124,0.796867869030918
matrix,UW1,-264.656091442804,377.315207414269,336.012747980648,-1.65040125009593,1.40392730043319,0.291534744650124,76.3710210739927,-21.8921531141718
matrix,UW1,80.8372848753641,-1391.89957825178,-287.412614124848,0.179241695637857,-1.09387362074007,0.796867869030918,-21.8921531141718,50.7741630494961
matrix,AH1,15321.8343122486,6607.94776018401,10913.03073507,10.2384703728725,-0.654106539483257,1.51178934210115,-401.929071027306,119.172973590413
matrix,AH1,6607.94776018401,48779.654647224,22237.6956479996,-4.56330746479858,5.55885597261493,-0.458303438491725,339.72101157545,-842.800199520814
matrix,AH1,10913.03073507,22237.6956479996,87242.5790359673,4.84624599730207,-5.18398461109322,-6.21829844095998,-49.5797015223224,88.2390140798851
matrix,AH1,10.2384703728725,-4.56330746479858,4.84624599730207,0.101733081853202,-0.00204150614055204,0.00563512807445991,-1.42052273344026,0.231635757189764
matrix,AH1,-0.654106539483257,5.55885597261493,-5.18398461109322,-0.00204150614055204,0.0690299280269203,0.0127905860365896,0.933484728694754,-0.810006115308882
matrix,AH1,1.51178934210115,-0.458303438491725,-6.21829844095998,0.00563512807445991,0.0127905860365896,0.0655335106509946,0.151195166425128,0.865371781274206
matrix,AH1,-401.929071027306,339.72101157545,-49.5797015223224,-1.42052273344026,0.933484728694754,0.151195166425128,52.0713547433079,-22.6131506519
matrix,AH1,119.172973590413,-842.800199520814,88.2390140798851,0.231635757189764,-0.810006115308882,0.865371781274206,-22.6131506519,53.1785921049623
matrix,EY1,11719.0260400347,1605.65427895452,9020.36401487529,5.41772392519618,1.21084139954853,3.21393962362216,-320.64768379223,137.083357194374
matrix,EY1,1605.65427895452,63769.6693888702,47222.6955612137,4.64802474632431,13.2656835963929,6.52166320574847,98.9490243461197,-418.207373223287
matrix,EY1,9020.36401487529,47222.6955612137,77401.8078566022,6.0244246039699,7.45571655141772,3.63410360920332,151.756277701915,-38.5027303824668
matrix,EY1,5.41772392519618,4.64802474632431,6.0244246039699,0.0855081550696759,0.00245772695656108,-0.00477173667504889,-1.15856555929237,-0.114881654893147
matrix,EY1,1.21084139954853,13.2656835963929,7.45571655141772,0.00245772695656108,0.0629315943956949,0.00145627166910675,0.833524367871843,-0.723177003852549
matrix,EY1,3.21393962362216,6.52166320574847,3.63410360920332,-0.00477173667504889,0.00145627166910675,0.0532408518985507,0.125009989602187,0.701530412897975
matrix,EY1,-320.64768379223,98.9490243461197,151.756277701915,-1.15856555929237,0.833524367871843,0.125009989602187,58.7705185350536,-10.6977686065471
matrix,EY1,137.083357194374,-418.207373223287,-38.5027303824668,-0.114881654893147,-0.723177003852549,0.701530412897975,-10.6977686065471,30.1501421682715
matrix,AW1,20344.2680999197,11696.5000936499,13581.0313850505,11.6889282341104,3.00714961957564,2.97702222041806,-338.265256163826,12.6144902378486
matrix,AW1,11696.5000936499,48037.3885604123,35110.5276892712,0.201810247261663,0.627211118658822,3.89404162082545,96.6055001724905,-491.687985767979
matrix,AW1,13581.0313850505,35110.5276892712,108094.84187,5.35700659506986,-2.63111617052873,-5.26945335691985,133.03312577227,144.30832501099
matrix,AW1,11.6889282341104,0.201810247261663,5.35700659506986,0.0906948916559552,-0.00316128797326106,0.00198421257754567,-1.18869852027923,-0.0380011891517659
matrix,AW1,3.00714961957564,0.627211118658822,-2.63111617052873,-0.00316128797326106,0.0568609166853389,-0.00152229713907472,0.647982683567825,-0.687961877779439
matrix,AW1,2.97702222041806,3.89404162082545,-5.26945335691985,0.00198421257754567,-0.00152229713907472,0.0666655080253911,0.0134217007985089,0.857730848536054
matrix,AW1,-338.265256163826,96.6055001724905,133.03312577227,-1.18869852027923,0.647982683567825,0.0134217007985089,39.8359302572695,-10.5758746593715
matrix,AW1,12.6144902378486,-491.687985767979,144.30832501099,-0.0380011891517659,-0.687961877779439,0.857730848536054,-10.5758746593715,41.3249587444722
matrix,AO1,12296.8060470173,12189.5144914513,11759.8257859104,3.25519920520879,-0.0594137814027438,-0.879894765629489,-221.526330516288,-106.246092692056
matrix,AO1,12189.5144914513,36413.5399144956,15099.9430718512,-3.01680553263472,8.82389054291252,-2.54160112709519,254.841021563108,-890.927697583478
matrix,AO1,11759.8257859104,15099.9430718512,103181.721779979,-2.6495612008223,-9.24686814509042,-13.1859015596316,-28.8886306980746,264.448269757826
matrix,AO1,3.25519920520879,-3.01680553263472,-2.6495612008223,0.080738894305799,-0.0155818759905252,0.00189076574085904,-1.1875544836653,0.261793071332509
matrix,AO1,-0.0594137814027438,8.82389054291252,-9.24686814509042,-0.0155818759905252,0.0816435176930532,0.00593200535661316,1.11123403094364,-1.17615376426087
matrix,AO1,-0.879894765629489,-2.54160112709519,-13.1859015596316,0.00189076574085904,0.00593200535661316,0.0699360718245512,0.034571082596123,0.934979594650746
matrix,AO1,-221.526330516288,254.841021563108,-28.8886306980746,-1.1875544836653,1.11123403094364,0.034571082596123,44.8659929346889,-25.5370624007915
matrix,AO1,-106.246092692056,-890.927697583478,264.448269757826,0.261793071332509,-1.17615376426087,0.934979594650746,-25.5370624007915,65.6811716142453
matrix,UH1,5476.81407168605,4343.15539875295,8909.29237569656,5.09218685228599,1.01488231640169,-0.000623920556245016,-162.43287414064,8.87190378938694
matrix,UH1,4343.15539875295,86481.1387688479,32842.409184317,-4.74787274583909,29.0912714874855,2.2676866493322,813.678096711925,-1638.83092360777
matrix,UH1,8909.29237569656,32842.409184317,114195.148779081,-5.66833437523896,10.0550583741514,-2.30492584801395,694.67727543359,-192.419189002008
matrix,UH1,5.09218685228599,-4.74787274583909,-5.66833437523896,0.0913162042763825,-0.00819714294845866,-0.00602158301188795,-1.41379717220064,0.0176062675481327
matrix,UH1,1.01488231640169,29.0912714874855,10.0550583741514,-0.00819714294845866,0.099028309467391,0.0143610099565346,1.51633548006039,-1.45813417937392
matrix,UH1,-0.000623920556245016,2.2676866493322,-2.30492584801395,-0.00602158301188795,0.0143610099565346,0.0865445473253812,0.241300078638051,0.84157010114406
matrix,UH1,-162.43287414064,813.678096711925,694.67727543359,-1.41379717220064,1.51633548006039,0.241300078638051,63.7140524065815,-30.5389295475429
matrix,UH1,8.87190378938694,-1638.83092360777,-192.419189002008,0.0176062675481327,-1.45813417937392,0.84157010114406,-30.5389295475429,68.0170286127834
matrix,ER1,8824.96674030404,6491.87174352433,5684.83585068031,1.10793221914256,3.06412207060131,1.92512041290042,-169.153547530396,-32.6034430122608
matrix,ER1,6491.87174352433,78303.5305235615,95685.1900709805,-20.0531833682166,-37.699736460151,32.2158158917406,257.699960894846,267.359726006766
matrix,ER1,5684.83585068031,95685.1900709805,201869.595410339,-12.5947964677763,-92.9308813060266,33.2887394706814,406.36014637561,1526.88973658624
matrix,ER1,1.10793221914256,-20.0531833682166,-12.5947964677763,0.0978361561483717,0.00124873803647027,-0.0222610957456162,-1.18894596593756,-0.0745886783463934
matrix,ER1,3.06412207060131,-37.699736460151,-92.9308813060266,0.00124873803647027,0.138451353067422,-0.0446455335803889,0.711194090172412,-2.19720269695529
matrix,ER1,1.92512041290042,32.2158158917406,33.2887394706814,-0.0222610957456162,-0.0446455335803889,0.103712890916388,0.127872381535259,1.40829078818043
matrix,ER1,-169.153547530396,257.699960894846,406.36014637561,-1.18894596593756,0.711194090172412,0.127872381535259,42.736667563664,-10.4065537860227
matrix,ER1,-32.6034430122608,267.359726006766,1526.88973658624,-0.0745886783463934,-2.19720269695529,1.40829078818043,-10.4065537860227,58.3708942904516
matrix,OY1,13966.2478884911,17305.0263774034,5562.92994617173,3.56659721139924,3.65233554947128,-2.07575080597604,-224.496071942828,-303.575831877452
matrix,OY1,17305.0263774034,119880.32459794,45995.4952589487,-7.66432805041463,20.0555901487429,-8.2725025130534,956.856942349721,-2514.00025512617
matrix,OY1,5562.92994617173,45995.4952589487,71176.1113158703,7.91799600144794,5.24503455122636,-17.862195593436,398.380216370673,-798.354830140231
matrix,OY1,3.56659721139924,-7.66432805041463,7.91799600144794,0.126728786664034,0.0319187046913255,0.00706513968759597,-0.66085635410118,0.0715158206006757
matrix,OY1,3.65233554947128,20.0555901487429,5.24503455122636,0.0319187046913255,0.113020367381861,0.0148138381593612,1.0817053706507,-0.98449551345575
matrix,OY1,-2.07575080597604,-8.2725025130534,-17.862195593436,0.00706513968759597,0.0148138381593612,0.113854930220701,0.194756456033961,1.1473650594805
matrix,OY1,-224.496071942828,956.856942349721,398.380216370673,-0.66085635410118,1.0817053706507,0.194756456033961,68.1527384888537,-39.8992494304289
matrix,OY1,-303.575831877452,-2514.00025512617,-798.354830140231,0.0715158206006757,-0.98449551345575,1.1473650594805,-39.8992494304289,98.3371220569051
