type,phone,F1_frequency_0.33,F2_frequency_0.33,F3_frequency_0.33,F1_log_bandwidth_0.33,F2_log_bandwidth_0.33,F3_log_bandwidth_0.33
means,AA1,691.983690728369,1206.83883371354,2544.0800527835,2.12554624806453,2.19732385103528,2.55284474441189
means,AE1,655.614873675295,1813.70125746276,2678.50868121845,2.05972519564663,2.34847834218559,2.57375768916442
means,AH1,634.641433826034,1349.17566673478,2685.15382359648,2.07062370537758,2.26950644644106,2.52294194237608
means,AO1,573.152206971565,966.293428808204,2496.01357726539,2.11909006406728,2.19245997285126,2.57044733702648
means,AW1,705.060891524625,1594.72510957505,2589.44905063799,2.12079463964451,2.32177244712501,2.57857228061284
means,AY1,729.362406905964,1473.99871715443,2626.79069644309,2.14430064085535,2.30540354991763,2.58023989301098
means,EH1,568.518752771808,1842.95746938219,2664.48900864984,1.95829803257244,2.32754581451893,2.55318638386641
means,ER1,521.539632662345,1276.66773342431,1729.51420250341,1.99111849632582,2.33743302464742,2.38841114137959
means,EY1,534.053241849634,1965.82340236194,2713.22982022667,1.93393015087986,2.35696371058866,2.58072650396882
means,IH1,471.913706735104,1961.79332489422,2749.84908128873,1.91857241650683,2.33267597057958,2.54100887329325
means,IY1,394.026262534871,2231.05103219483,2845.02785865389,1.95507444373287,2.45138996361359,2.59163534537076
means,OW1,567.528173887514,1350.62297907143,2588.03408341249,2.00520042142913,2.26787136210985,2.53113049819547
means,OY1,500.54932735426,946.883058295964,2509.46599082569,2.14407931230045,2.21944928706219,2.58571484543513
means,UH1,472.50283483977,1386.69567789647,2521.32586235489,1.83447394967756,2.24715762415162,2.46215069523672
means,UW1,397.259875578138,1624.45651683929,2534.10235672312,1.91495238751793,2.45008900699598,2.54474530064326
matrix,AY1,13318.9216334177,5328.47768840879,10491.1791730663,4.27228699879183,-0.744517983375885,3.26955049404432
matrix,AY1,5328.47768840879,41151.885010218,17501.8311661891,-2.10191380218698,1.76252749495932,6.7370994626585
matrix,AY1,10491.1791730663,17501.8311661891,79756.3891317805,3.66457466738858,-12.5506300948797,1.63888232123094
matrix,AY1,4.27228699879183,-2.10191380218698,3.66457466738858,0.0866205620172498,0.0161787229363664,0.00968571884084242
matrix,AY1,-0.744517983375885,1.76252749495932,-12.5506300948797,0.0161787229363664,0.0720141896384202,0.00577391313531387
matrix,AY1,3.26955049404432,6.7370994626585,1.63888232123094,0.00968571884084242,0.00577391313531387,0.0773922138762023
matrix,EH1,8142.29425660298,-814.387236973398,7373.93187615382,0.954138935668314,0.987307727922372,1.98392147248078
matrix,EH1,-814.387236973398,60150.6611170415,28985.6171344436,-1.18850368170434,2.47815949094579,8.82738210750221
matrix,EH1,7373.93187615382,28985.6171344436,70089.5360091873,3.72727679439828,-6.88917127300615,4.57547051957576
matrix,EH1,0.954138935668314,-1.18850368170434,3.72727679439828,0.0874061144672547,0.00797621535408436,0.00462273114848337
matrix,EH1,0.987307727922372,2.47815949094579,-6.88917127300615,0.00797621535408436,0.094304559851607,0.00811240766159278
matrix,EH1,1.98392147248078,8.82738210750221,4.57547051957576,0.00462273114848337,0.00811240766159278,0.0754501885449253
matrix,OW1,7308.35618223667,8575.91928456609,9818.12060167658,0.200561462281609,1.07516870783846,3.13939786299149
matrix,OW1,8575.91928456609,66763.0628596,18444.7931451876,-11.6869993966612,9.70245082653267,7.83728099455441
matrix,OW1,9818.12060167658,18444.7931451876,72304.5382450754,0.401695153306847,-7.26949208349826,8.00306895217232
matrix,OW1,0.200561462281609,-11.6869993966612,0.401695153306847,0.0932653001952798,0.0191168073827205,0.0170737122271621
matrix,OW1,1.07516870783846,9.70245082653267,-7.26949208349826,0.0191168073827205,0.0813530344327837,0.0119930263689706
matrix,OW1,3.13939786299149,7.83728099455441,8.00306895217232,0.0170737122271621,0.0119930263689706,0.0901316100271005
matrix,IY1,4182.21987954541,5732.81948677864,4343.41946768779,3.61648027568937,3.12788207495367,0.677431553965208
matrix,IY1,5732.81948677864,78834.1393354649,47528.6499820029,3.89816845834381,-2.32991016236449,18.3811755981069
matrix,IY1,4343.41946768779,47528.6499820029,80016.6544030735,9.15311583801754,-9.257292781189,15.2973227544589
matrix,IY1,3.61648027568937,3.89816845834381,9.15311583801754,0.0837739158542154,0.000582697405693969,0.00535712221687309
matrix,IY1,3.12788207495367,-2.32991016236449,-9.257292781189,0.000582697405693969,0.125831109889867,-0.0129724565590764
matrix,IY1,0.677431553965208,18.3811755981069,15.2973227544589,0.00535712221687309,-0.0129724565590764,0.0696256541272389
matrix,AE1,12570.8773701441,-1731.29010490347,5141.4348052816,-1.31233381579917,2.93131734207735,3.05067557456383
matrix,AE1,-1731.29010490347,57771.139369721,33348.4567892036,4.60338011115107,2.79718540179519,4.8546329051745
matrix,AE1,5141.4348052816,33348.4567892036,60735.6037278359,4.996359892303,-2.56291987301364,2.89264633077301
matrix,AE1,-1.31233381579917,4.60338011115107,4.996359892303,0.0918919493530404,0.0134750736343977,0.00273545155596635
matrix,AE1,2.93131734207735,2.79718540179519,-2.56291987301364,0.0134750736343977,0.0837789405479662,0.0102784156688549
matrix,AE1,3.05067557456383,4.8546329051745,2.89264633077301,0.00273545155596635,0.0102784156688549,0.0661083923355399
matrix,EY1,6118.04455736053,2347.14606466353,7151.91080208504,0.744608548018886,1.82623316621838,1.79096943351075
matrix,EY1,2347.14606466353,62135.8897560117,38337.5220535832,3.47008226137871,11.8441025096204,10.7987249075443
matrix,EY1,7151.91080208504,38337.5220535832,62013.0887729831,6.42679274730228,3.84026081275766,9.62772494942073
matrix,EY1,0.744608548018886,3.47008226137871,6.42679274730228,0.0852011123892286,0.00760917239761316,0.00288986140809307
matrix,EY1,1.82623316621838,11.8441025096204,3.84026081275766,0.00760917239761316,0.093257262155636,0.00607912632338328
matrix,EY1,1.79096943351075,10.7987249075443,9.62772494942073,0.00288986140809307,0.00607912632338328,0.0647670192048631
matrix,IH1,5113.17632586156,1631.81548357313,5774.50007972893,2.65772117309194,1.64033347592022,0.616601905599741
matrix,IH1,1631.81548357313,59522.9854253759,32671.8599638538,-2.06427029396521,3.14934759866742,10.4219015549806
matrix,IH1,5774.50007972893,32671.8599638538,62891.7726236957,3.04253848421031,-3.89639357019168,5.64984249193007
matrix,IH1,2.65772117309194,-2.06427029396521,3.04253848421031,0.0955785897005325,0.0120393957860558,0.00827212745104203
matrix,IH1,1.64033347592022,3.14934759866742,-3.89639357019168,0.0120393957860558,0.103026580986987,0.0086702413742797
matrix,IH1,0.616601905599741,10.4219015549806,5.64984249193007,0.00827212745104203,0.0086702413742797,0.077781025688419
matrix,AH1,11608.9491401961,4591.64633152688,15779.5549952002,5.38965096207027,-0.239268635420783,2.30416982319403
matrix,AH1,4591.64633152688,35308.9576678357,16461.0028644451,-6.55925539174299,2.21346778064172,7.61132553820814
matrix,AH1,15779.5549952002,16461.0028644451,86840.8582282047,6.09840593991289,-11.5656743249249,2.32778529453291
matrix,AH1,5.38965096207027,-6.55925539174299,6.09840593991289,0.105225574989354,0.021799508520196,0.0179459307455185
matrix,AH1,-0.239268635420783,2.21346778064172,-11.5656743249249,0.021799508520196,0.0758078773389185,0.00864088645918012
matrix,AH1,2.30416982319403,7.61132553820814,2.32778529453291,0.0179459307455185,0.00864088645918012,0.0891942461486612
matrix,AA1,11317.7341537655,10919.3737169128,16275.9644324255,1.00661070063733,1.77805494809664,3.60932145947568
matrix,AA1,10919.3737169128,42640.13891606,19743.350956444,-2.80141038155268,10.8280396788744,9.8354614990516
matrix,AA1,16275.9644324255,19743.350956444,126556.088280454,3.61284914696337,-16.48891337018,3.94603260386509
matrix,AA1,1.00661070063733,-2.80141038155268,3.61284914696337,0.0827858173591108,0.0191889548884339,0.0162941356848056
matrix,AA1,1.77805494809664,10.8280396788744,-16.48891337018,0.0191889548884339,0.0777758907929374,0.0106082027408874
matrix,AA1,3.60932145947568,9.8354614990516,3.94603260386509,0.0162941356848056,0.0106082027408874,0.0940215100887151
matrix,UH1,4356.11782381498,-509.594026291603,11645.713798993,0.660814295292813,-0.648151499070977,0.967788219794697
matrix,UH1,-509.594026291603,73045.9887708213,4160.93066679402,-13.3310048520747,11.181675810798,13.3498629522441
matrix,UH1,11645.713798993,4160.93066679402,100587.89219291,-4.3933762628103,-14.5816651221084,4.71973409709001
matrix,UH1,0.660814295292813,-13.3310048520747,-4.3933762628103,0.0712169163028616,0.00526565713735581,0.0158453079789495
matrix,UH1,-0.648151499070977,11.181675810798,-14.5816651221084,0.00526565713735581,0.0916315123920873,0.0103682052920795
matrix,UH1,0.967788219794697,13.3498629522441,4.71973409709001,0.0158453079789495,0.0103682052920795,0.0987833688282147
matrix,UW1,3695.80099351344,1258.52345335396,5186.60123955868,0.685908056571094,-0.695734143633757,0.91489698681292
matrix,UW1,1258.52345335396,119625.99972187,31937.7867838128,-14.0903673050146,-2.44482986111992,9.90034208122449
matrix,UW1,5186.60123955868,31937.7867838128,67724.4391204618,-1.35728670466571,-8.0163758750761,14.3684973524205
matrix,UW1,0.685908056571094,-14.0903673050146,-1.35728670466571,0.0857900459762358,0.0117014023492175,0.0132988621560756
matrix,UW1,-0.695734143633757,-2.44482986111992,-8.0163758750761,0.0117014023492175,0.0957066590979353,0.00633401247898051
matrix,UW1,0.91489698681292,9.90034208122449,14.3684973524205,0.0132988621560756,0.00633401247898051,0.0803331828284212
matrix,ER1,4447.48826197211,2404.7240909374,2762.40818918411,1.21809295223037,1.01857922088598,-1.9206760756363
matrix,ER1,2404.7240909374,30719.2288016913,25163.7615497325,-3.19506957551279,4.73146247836179,6.90540262680404
matrix,ER1,2762.40818918411,25163.7615497325,56378.6050847042,0.0904006468816063,1.76719710677902,15.7841015503577
matrix,ER1,1.21809295223037,-3.19506957551279,0.0904006468816063,0.0685488080026543,0.01224098980031,0.0124446515174874
matrix,ER1,1.01857922088598,4.73146247836179,1.76719710677902,0.01224098980031,0.0749577042094473,0.00735489310941515
matrix,ER1,-1.9206760756363,6.90540262680404,15.7841015503577,0.0124446515174874,0.00735489310941515,0.0971775513284161
matrix,AW1,10358.3424613153,1950.94396948708,7563.01860699032,1.5989940864822,1.30024478670563,2.69686607532253
matrix,AW1,1950.94396948708,57175.9122478835,21616.5872237072,0.82032052525127,0.585586991764475,4.75968634188177
matrix,AW1,7563.01860699032,21616.5872237072,62690.8439116588,8.23261884538774,-6.00335456969225,1.11129429900954
matrix,AW1,1.5989940864822,0.82032052525127,8.23261884538774,0.0819011676082611,0.0105365985979329,0.00639597064667911
matrix,AW1,1.30024478670563,0.585586991764475,-6.00335456969225,0.0105365985979329,0.0724087832630452,0.0099087895797778
matrix,AW1,2.69686607532253,4.75968634188177,1.11129429900954,0.00639597064667911,0.0099087895797778,0.0721714462810039
matrix,AO1,16510.6993292282,18662.0449121313,18954.8565833851,-2.99836777606181,-2.41674815060414,-1.23470143787175
matrix,AO1,18662.0449121313,43487.760165403,26095.5199346527,-3.31715503716518,6.72405841501784,2.97155804257204
matrix,AO1,18954.8565833851,26095.5199346527,103520.900005727,-9.64238475128792,-18.3000237043408,0.0447510824997509
matrix,AO1,-2.99836777606181,-3.31715503716518,-9.64238475128792,0.0804874735666082,0.0247607907431426,0.0164204524929842
matrix,AO1,-2.41674815060414,6.72405841501784,-18.3000237043408,0.0247607907431426,0.102733787116526,0.015835190865929
matrix,AO1,-1.23470143787175,2.97155804257204,0.0447510824997509,0.0164204524929842,0.015835190865929,0.088856858813157
matrix,OY1,6853.60425004718,11059.7116488837,5184.63359782858,1.30844823251345,4.94003112288315,2.91155611790015
matrix,OY1,11059.7116488837,61478.3466956475,19137.8806515914,-6.91574603802796,18.055248323698,4.42639916784596
matrix,OY1,5184.63359782858,19137.8806515914,98980.8828391,-20.3019492305491,-17.2661129838689,0.680433646858092
matrix,OY1,1.30844823251345,-6.91574603802796,-20.3019492305491,0.113274111155924,0.0285232974212476,0.0229049652206977
matrix,OY1,4.94003112288315,18.055248323698,-17.2661129838689,0.0285232974212476,0.127295460682014,0.0136240508880435
matrix,OY1,2.91155611790015,4.42639916784596,0.680433646858092,0.0229049652206977,0.0136240508880435,0.0890997572615825
