type,phone,F1_0.33,F2_0.33,F3_0.33,B1_0.33,B2_0.33,B3_0.33,A1A2diff_0.33,A2A3diff_0.33
means,AA1,690.755773362555,1184.56677361406,2627.18503000036,2.10006513850465,2.14821069593648,2.49091898825136,6.30478176265584,20.6459201703014
means,AE1,660.72036938545,1825.17391716149,2691.43082091727,2.00666874248661,2.27095220210557,2.51785023678555,12.045030339514,8.98230503988926
means,AH1,640.882378734728,1344.01852465626,2718.44985383654,2.02356005604613,2.21241541268497,2.46376925123987,10.6439319362122,15.8210736018709
means,AO1,566.179140263194,942.883199137971,2532.55577055344,2.06248049887661,2.1086619285616,2.51988991242148,7.12740163235362,24.5924807556513
means,AW1,712.122433668168,1593.22753792865,2600.23922064427,2.07045678559058,2.26256583304468,2.52588732940769,9.66954164877035,12.2772092712158
means,AY1,733.613491197947,1478.18934659145,2666.7086601634,2.10277494103662,2.24592796279175,2.52807034472349,8.35962804203853,14.5312239098851
means,EH1,571.686231001224,1848.38486488101,2685.5482504703,1.91366685180208,2.23992223416644,2.49744959837559,14.6235036728478,8.44709260951357
means,ER1,523.145880883382,1233.4932677126,1697.19600479664,1.95139864095133,2.28994773658439,2.32266289597282,10.4465492855002,8.17501474967523
means,EY1,540.138602272727,1969.85409860704,2719.21498093842,1.89084323680352,2.25372285190616,2.51535437316716,16.0889677749267,6.89515049120235
means,IH1,475.11292767733,1977.83316593094,2762.91333252706,1.88905892846345,2.23130931245087,2.47889416762412,18.006745860797,6.52834295216787
means,IY1,399.455562458691,2252.03965499009,2899.8239021811,1.94472990416391,2.29940341374752,2.55432831130205,21.3077140846001,4.59813672835426
means,OW1,569.42305791221,1307.42208520841,2599.4622286979,1.96416844337883,2.20446886019919,2.46416473994836,12.2039856178532,15.4340967244559
means,OY1,489.845481597494,886.070446358653,2555.21443226312,2.09502850430697,2.15366820673453,2.57403899765074,8.39373451899757,25.2257868229588
means,UH1,473.026886012226,1378.13123336929,2551.16608773822,1.80980661632506,2.21803664149586,2.41427321107515,16.7183579080709,12.4629741947159
means,UW1,397.767519897004,1540.22431764981,2496.23427317416,1.8878359960206,2.38619624882959,2.46753438670412,20.4104184632491,7.93122099133895
matrix,IH1,5300.47076763562,1114.43948461412,5949.93737711158,3.62413825014232,2.1170264103128,0.645764140499772,-140.857263242001,31.0329056888985
matrix,IH1,1114.43948461412,69740.5985314303,42290.68687548,7.53213139683732,11.8226967368818,15.1978105264932,154.920295818943,-297.662737895399
matrix,IH1,5949.93737711158,42290.68687548,75552.6268688202,4.08664963749599,5.89812935801354,10.6110431873082,203.993158791891,79.7915629143958
matrix,IH1,3.62413825014232,7.53213139683732,4.08664963749599,0.0762543231321146,0.0165530626263125,0.0121605432321622,-0.822516699196707,-0.0570632722239826
matrix,IH1,2.1170264103128,11.8226967368818,5.89812935801354,0.0165530626263125,0.0622949934929328,0.00328276006913107,0.527684678211075,-0.714313104590429
matrix,IH1,0.645764140499772,15.1978105264932,10.6110431873082,0.0121605432321622,0.00328276006913107,0.0523174902447596,-0.00232979707354799,0.494487633227874
matrix,IH1,-140.857263242001,154.920295818943,203.993158791891,-0.822516699196707,0.527684678211075,-0.00232979707354799,53.7059395027363,-11.3256401531394
matrix,IH1,31.0329056888985,-297.662737895399,79.7915629143958,-0.0570632722239826,-0.714313104590429,0.494487633227874,-11.3256401531394,30.5374416187241
matrix,AE1,12826.4924780844,-1939.67356692119,6662.86117850953,0.607631983313644,4.92164838682977,3.29891613238735,-196.628238574038,134.279493601096
matrix,AE1,-1939.67356692119,69761.2846635212,43352.194466854,13.1768285717608,9.04415959316616,8.63513823271119,234.275367212149,-548.107604624467
matrix,AE1,6662.86117850953,43352.194466854,73409.626289472,12.0517401875881,6.62421283062697,9.46766671320792,191.235330226637,-15.4764575802836
matrix,AE1,0.607631983313644,13.1768285717608,12.0517401875881,0.0799034959893077,0.0148080298630996,0.0088818695579561,-0.589417743903105,-0.198186127394602
matrix,AE1,4.92164838682977,9.04415959316616,6.62421283062697,0.0148080298630996,0.054157872189373,0.00604787980276084,0.450541501748364,-0.610016324576134
matrix,AE1,3.29891613238735,8.63513823271119,9.46766671320792,0.0088818695579561,0.00604787980276084,0.0455678420919823,0.0190419246634959,0.463091121410165
matrix,AE1,-196.628238574038,234.275367212149,191.235330226637,-0.589417743903105,0.450541501748364,0.0190419246634959,40.8246406372619,-11.0235349589684
matrix,AE1,134.279493601096,-548.107604624467,-15.4764575802836,-0.198186127394602,-0.610016324576134,0.463091121410165,-11.0235349589684,32.4744659633576
matrix,EH1,8519.79658806369,-630.380445397,8223.98545251954,2.64149403132568,2.20307970178561,1.65880445727744,-172.835093633523,97.656905000035
matrix,EH1,-630.380445397,71294.7161706227,39545.0824640717,5.96186940260704,8.69488998870072,11.4061650580337,251.587729362327,-453.012057532488
matrix,EH1,8223.98545251954,39545.0824640717,98694.6176462194,9.58169438105731,2.30148391688664,10.7430936550695,198.215773833797,226.79497719168
matrix,EH1,2.64149403132568,5.96186940260704,9.58169438105731,0.0687611041415488,0.00954346330751756,0.00798797332653956,-0.687184285026958,0.00193779988013082
matrix,EH1,2.20307970178561,8.69488998870072,2.30148391688664,0.00954346330751756,0.055591739685393,0.00274920928926928,0.554157935857477,-0.656184008575819
matrix,EH1,1.65880445727744,11.4061650580337,10.7430936550695,0.00798797332653956,0.00274920928926928,0.0451005200715808,0.0514157548697862,0.465652597878213
matrix,EH1,-172.835093633523,251.587729362327,198.215773833797,-0.687184285026958,0.554157935857477,0.0514157548697862,49.7943333821891,-11.9816348662124
matrix,EH1,97.656905000035,-453.012057532488,226.79497719168,0.00193779988013082,-0.656184008575819,0.465652597878213,-11.9816348662124,32.9529638050323
matrix,AH1,11605.8206081739,4596.23782927513,15613.4886291818,7.22804086010337,0.790222557256049,2.57406823386718,-265.368034670171,162.781499036264
matrix,AH1,4596.23782927513,37150.8085978515,12761.4787631762,-6.87617844293661,2.16101828309712,5.9754526289955,225.721147747225,-443.185694784335
matrix,AH1,15613.4886291818,12761.4787631762,95078.9210484474,20.1294284573377,-5.11202943620609,8.55483935805874,-374.931866128656,577.839627867878
matrix,AH1,7.22804086010337,-6.87617844293661,20.1294284573377,0.0915597792953578,0.0147172004491271,0.0184922530448475,-0.922897986213681,0.369754883640398
matrix,AH1,0.790222557256049,2.16101828309712,-5.11202943620609,0.0147172004491271,0.0540254170518135,0.0059818850790796,0.494934769364827,-0.582641650722538
matrix,AH1,2.57406823386718,5.9754526289955,8.55483935805874,0.0184922530448475,0.0059818850790796,0.0562655026975664,-0.0724791400151386,0.606910531236821
matrix,AH1,-265.368034670171,225.721147747225,-374.931866128656,-0.922897986213681,0.494934769364827,-0.0724791400151386,39.5441997765122,-19.5626881400886
matrix,AH1,162.781499036264,-443.185694784335,577.839627867878,0.369754883640398,-0.582641650722538,0.606910531236821,-19.5626881400886,44.3033189265256
matrix,AO1,18258.5375062628,20344.5785812172,21681.6130888664,-1.0300614886118,1.15020484185439,-4.77589971566132,-149.895340545781,-187.01035496661
matrix,AO1,20344.5785812172,37864.8625877795,20066.7443382056,-2.15458865977653,6.36930407333292,-3.27457521332491,93.7355409566265,-675.989312809167
matrix,AO1,21681.6130888664,20066.7443382056,107775.482584578,-1.45665160788626,-18.8176456718044,-2.59370054826111,-371.474182003734,469.274611583314
matrix,AO1,-1.0300614886118,-2.15458865977653,-1.45665160788626,0.0670502862342339,0.00645282886042816,0.0119447407744751,-0.66697567181336,0.234613175496395
matrix,AO1,1.15020484185439,6.36930407333292,-18.8176456718044,0.00645282886042816,0.0616698209528285,0.0103688794724085,0.593485126579023,-0.732868670537352
matrix,AO1,-4.77589971566132,-3.27457521332491,-2.59370054826111,0.0119447407744751,0.0103688794724085,0.0573097041003638,0.066563577010231,0.460566669330807
matrix,AO1,-149.895340545781,93.7355409566265,-371.474182003734,-0.66697567181336,0.593485126579023,0.066563577010231,32.7278011475496,-19.4657604137177
matrix,AO1,-187.01035496661,-675.989312809167,469.274611583314,0.234613175496395,-0.732868670537352,0.460566669330807,-19.4657604137177,51.8300395802115
matrix,OW1,7910.01768066321,10276.9887100128,11301.1409854049,0.54577983002117,1.43248984139915,2.02782288159129,-97.8063811196547,-21.2805521733541
matrix,OW1,10276.9887100128,74360.4404681332,14162.7852299425,-16.6654698718545,6.23204099909008,0.485607764958158,483.810256684644,-1207.21865085211
matrix,OW1,11301.1409854049,14162.7852299425,82263.4898263138,10.3968138588163,-3.3231718875478,10.2638977470734,-147.338514379248,487.063291801612
matrix,OW1,0.54577983002117,-16.6654698718545,10.3968138588163,0.0806641657033941,0.00988783373196726,0.0226272008113551,-0.879282690679255,0.596033853157172
matrix,OW1,1.43248984139915,6.23204099909008,-3.3231718875478,0.00988783373196726,0.0556807181508643,0.00715562661785623,0.549063390047534,-0.636318399976215
matrix,OW1,2.02782288159129,0.485607764958158,10.2638977470734,0.0226272008113551,0.00715562661785623,0.0584993527538794,-0.126043707779626,0.686231651424948
matrix,OW1,-97.8063811196547,483.810256684644,-147.338514379248,-0.879282690679255,0.549063390047534,-0.126043707779626,43.4101280818349,-24.2563575758478
matrix,OW1,-21.2805521733541,-1207.21865085211,487.063291801612,0.596033853157172,-0.636318399976215,0.686231651424948,-24.2563575758478,58.3208454619406
matrix,AY1,13795.0349351471,5551.53927893317,11505.5303354015,6.36812381887354,1.99438921448063,4.54911440396083,-259.205424197698,129.084235122645
matrix,AY1,5551.53927893317,52924.4491921407,18896.7274463395,-2.46089574036363,4.36927539273843,4.70712104054941,219.277970124686,-681.110581793275
matrix,AY1,11505.5303354015,18896.7274463395,96561.8970284946,13.857460451688,-7.77539489341791,6.48269695381295,-148.497710635245,427.040704962448
matrix,AY1,6.36812381887354,-2.46089574036363,13.857460451688,0.0765045835006829,0.0101129941452014,0.0128042266578895,-0.745408085326755,0.175760750243683
matrix,AY1,1.99438921448063,4.36927539273843,-7.77539489341791,0.0101129941452014,0.0448186661707827,0.00381339722723725,0.400239285828743,-0.557695154007594
matrix,AY1,4.54911440396083,4.70712104054941,6.48269695381295,0.0128042266578895,0.00381339722723725,0.0496095227952149,-0.077382765548442,0.60419651912297
matrix,AY1,-259.205424197698,219.277970124686,-148.497710635245,-0.745408085326755,0.400239285828743,-0.077382765548442,34.7590390705144,-15.5301549517875
matrix,AY1,129.084235122645,-681.110581793275,427.040704962448,0.175760750243683,-0.557695154007594,0.60419651912297,-15.5301549517875,45.9124720962372
matrix,EY1,6530.78443189284,1721.83394101983,7568.31556325097,2.09893494749145,2.06992017652198,1.54227054434726,-125.11012887264,64.8122734981938
matrix,EY1,1721.83394101983,73375.4684061819,49999.1333976642,13.4287199331608,17.528474161147,13.0768538094701,173.885046547531,-365.326067681749
matrix,EY1,7568.31556325097,49999.1333976642,76722.1873510169,9.38268759521915,12.0103968758343,12.865404997279,253.419346737958,6.25952310052624
matrix,EY1,2.09893494749145,13.4287199331608,9.38268759521915,0.0658149363617504,0.0123383215853285,0.00620364275878329,-0.599466729671195,-0.0985104228917619
matrix,EY1,2.06992017652198,17.528474161147,12.0103968758343,0.0123383215853285,0.0569785538529316,0.00144646901953032,0.583312297643209,-0.693741418730387
matrix,EY1,1.54227054434726,13.0768538094701,12.865404997279,0.00620364275878329,0.00144646901953032,0.0450972874049005,0.0220326902595202,0.476294856898581
matrix,EY1,-125.11012887264,173.885046547531,253.419346737958,-0.599466729671195,0.583312297643209,0.0220326902595202,49.291497270727,-10.784384920444
matrix,EY1,64.8122734981938,-365.326067681749,6.25952310052624,-0.0985104228917619,-0.693741418730387,0.476294856898581,-10.784384920444,27.5960486474626
matrix,AA1,12144.7880023131,12660.0864825793,18937.776692445,1.81382640183579,3.23442499454836,2.5770449245393,-116.777334472853,-18.5535063411241
matrix,AA1,12660.0864825793,45255.6825452742,19009.7573150616,-5.05384928113547,11.7338853606099,6.3513174469368,242.112720760322,-767.170885392919
matrix,AA1,18937.776692445,19009.7573150616,162516.365649799,15.5868365939785,-17.6958717857298,6.2804912942169,-333.433918454541,867.404446939787
matrix,AA1,1.81382640183579,-5.05384928113547,15.5868365939785,0.0757280358746727,0.00853975264653159,0.0145411886402091,-0.69152015130913,0.33633210402886
matrix,AA1,3.23442499454836,11.7338853606099,-17.6958717857298,0.00853975264653159,0.0504356425742246,0.00932651567717726,0.474534346146495,-0.738846498668249
matrix,AA1,2.5770449245393,6.3513174469368,6.2804912942169,0.0145411886402091,0.00932651567717726,0.054113587308663,0.00885568597256526,0.456336276073944
matrix,AA1,-116.777334472853,242.112720760322,-333.433918454541,-0.69152015130913,0.474534346146495,0.00885568597256526,31.7484989885248,-19.6536340223995
matrix,AA1,-18.5535063411241,-767.170885392919,867.404446939787,0.33633210402886,-0.738846498668249,0.456336276073944,-19.6536340223995,56.1767288867367
matrix,IY1,4668.76650020579,4992.21237739754,3893.53360279206,4.45591572780102,3.6120682694206,1.54127924566713,-126.042058734152,-12.8474026161842
matrix,IY1,4992.21237739754,77839.852396206,71477.0431910981,12.5892180805446,10.8669217000112,19.2021173218404,184.218296547905,-104.654417463186
matrix,IY1,3893.53360279206,71477.0431910981,135664.920184026,5.46275262962809,2.17872118172791,24.8405290799432,662.492244397663,270.230958223243
matrix,IY1,4.45591572780102,12.5892180805446,5.46275262962809,0.0649554408972445,0.0122108684623054,0.00850718827790419,-0.650057800048751,-0.0243868015640136
matrix,IY1,3.6120682694206,10.8669217000112,2.17872118172791,0.0122108684623054,0.0691422412557375,-0.00983990841682004,0.610143761564,-0.810417652072905
matrix,IY1,1.54127924566713,19.2021173218404,24.8405290799432,0.00850718827790419,-0.00983990841682004,0.0499477303247202,-0.0338936818875798,0.565857960043783
matrix,IY1,-126.042058734152,184.218296547905,662.492244397663,-0.650057800048751,0.610143761564,-0.0338936818875798,57.9345060722204,-11.1985777255086
matrix,IY1,-12.8474026161842,-104.654417463186,270.230958223243,-0.0243868015640136,-0.810417652072905,0.565857960043783,-11.1985777255086,28.84509028286
matrix,UW1,3583.72100030978,3004.24302913221,6056.70048536883,0.189497451542772,-1.44774105243604,1.07989306691102,-88.4629082605798,61.9007752072109
matrix,UW1,3004.24302913221,161712.223875147,38382.7445736188,-19.6966473059511,-10.5910522384994,0.42196779808913,828.994903288803,-1831.55902136582
matrix,UW1,6056.70048536883,38382.7445736188,73694.8545254622,-2.29249448115113,-5.23145426230992,12.9347872688642,186.537281377235,195.264171013356
matrix,UW1,0.189497451542772,-19.6966473059511,-2.29249448115113,0.0664270742370719,0.0137818657457333,0.0137908820950862,-0.750148190247951,0.315828950774754
matrix,UW1,-1.44774105243604,-10.5910522384994,-5.23145426230992,0.0137818657457333,0.0742084157048955,0.00343396444455947,0.676082343068034,-0.618155788780035
matrix,UW1,1.07989306691102,0.42196779808913,12.9347872688642,0.0137908820950862,0.00343396444455947,0.0520435410179887,-0.0681669620201911,0.605079415078451
matrix,UW1,-88.4629082605798,828.994903288803,186.537281377235,-0.750148190247951,0.676082343068034,-0.0681669620201911,54.7441160260552,-25.4153957600698
matrix,UW1,61.9007752072109,-1831.55902136582,195.264171013356,0.315828950774754,-0.618155788780035,0.605079415078451,-25.4153957600698,55.9625709071587
matrix,UH1,4087.43590515569,167.175973898532,12136.6473438714,1.53391612508914,-0.447319709905619,1.73351208254927,-94.2084361946611,135.040691885524
matrix,UH1,167.175973898532,78380.1211444503,2696.6870034612,-15.8871293981776,14.1466969688204,6.19103528377641,766.712690127645,-1281.54362108313
matrix,UH1,12136.6473438714,2696.6870034612,104646.510544344,-0.409313682765404,-8.59483685111892,11.6680688588805,-24.6350684068331,834.44722196217
matrix,UH1,1.53391612508914,-15.8871293981776,-0.409313682765404,0.0537893994953381,0.00127180091316463,0.0132732024298,-0.829021596053734,0.476088143867251
matrix,UH1,-0.447319709905619,14.1466969688204,-8.59483685111892,0.00127180091316463,0.0639137355840536,0.00725530411170366,0.811717950462032,-0.8585976926413
matrix,UH1,1.73351208254927,6.19103528377641,11.6680688588805,0.0132732024298,0.00725530411170366,0.068517427770652,-0.0234052540322321,0.619490191762559
matrix,UH1,-94.2084361946611,766.712690127645,-24.6350684068331,-0.829021596053734,0.811717950462032,-0.0234052540322321,56.4701895908381,-28.7987985920424
matrix,UH1,135.040691885524,-1281.54362108313,834.44722196217,0.476088143867251,-0.8585976926413,0.619490191762559,-28.7987985920424,60.4968246607785
matrix,ER1,4684.29115288927,4131.25735213823,4673.95798740933,2.51530724944833,1.99246298717789,0.686077578410154,-102.872285919693,5.80602928362798
matrix,ER1,4131.25735213823,39439.7233950775,31291.8653636061,-2.1382306186847,6.01021912122863,8.47926972759361,163.71250009438,-333.542614824337
matrix,ER1,4673.95798740933,31291.8653636061,48073.171316897,-0.231443893397438,2.39465519523372,11.4489582974796,266.114692741499,90.1624297076446
matrix,ER1,2.51530724944833,-2.1382306186847,-0.231443893397438,0.0601289279014108,0.0154407047740573,0.00189276507749203,-0.603397554983981,-0.135621554681132
matrix,ER1,1.99246298717789,6.01021912122863,2.39465519523372,0.0154407047740573,0.0674457894169732,-6.8667776874497e-05,0.577392948918281,-0.767037008865273
matrix,ER1,0.686077578410154,8.47926972759361,11.4489582974796,0.00189276507749203,-6.8667776874497e-05,0.0567909769371652,0.196053116463093,0.451671234826759
matrix,ER1,-102.872285919693,163.71250009438,266.114692741499,-0.603397554983981,0.577392948918281,0.196053116463093,39.660433767035,-8.76067409166346
matrix,ER1,5.80602928362798,-333.542614824337,90.1624297076446,-0.135621554681132,-0.767037008865273,0.451671234826759,-8.76067409166346,29.9322189324029
matrix,AW1,10732.5239240408,3047.72536541448,10154.2848080905,4.31838977339076,3.42042270051858,3.66508751483427,-176.713570678545,112.596009755536
matrix,AW1,3047.72536541448,67650.0532352569,26876.8640932037,2.93356232424552,2.38197424578817,5.91272420553465,211.540783049549,-731.966959598531
matrix,AW1,10154.2848080905,26876.8640932037,68848.2788502378,13.5538641846223,-2.29987715985716,5.66687309356075,-26.7866996376231,216.720240439968
matrix,AW1,4.31838977339076,2.93356232424552,13.5538641846223,0.0711182304532944,0.00490115382892152,0.00917102104032732,-0.642953536055806,0.115039557974393
matrix,AW1,3.42042270051858,2.38197424578817,-2.29987715985716,0.00490115382892152,0.0480027423630911,0.00389777911811444,0.475284308383759,-0.532914742904423
matrix,AW1,3.66508751483427,5.91272420553465,5.66687309356075,0.00917102104032732,0.00389777911811444,0.050170993557749,-0.00640268064309546,0.563653294383865
matrix,AW1,-176.713570678545,211.540783049549,-26.7866996376231,-0.642953536055806,0.475284308383759,-0.00640268064309546,34.7245504613413,-13.7592044716964
matrix,AW1,112.596009755536,-731.966959598531,216.720240439968,0.115039557974393,-0.532914742904423,0.563653294383865,-13.7592044716964,40.315586220692
matrix,OY1,6525.15841128121,10837.1054181635,5048.9654775835,0.0342173846031082,3.77575564669586,1.54454616868311,13.6667457434026,-139.108977706007
matrix,OY1,10837.1054181635,44597.7183556912,8762.65247980708,-5.09527213811733,12.5346289636262,-0.948067366110461,468.884362760569,-1006.38840592631
matrix,OY1,5048.9654775835,8762.65247980708,78613.2081890123,-18.8581567703992,-19.7240322079792,-3.33506708405737,100.814754114297,352.466807112139
matrix,OY1,0.0342173846031082,-5.09527213811733,-18.8581567703992,0.0837074010380579,0.0041350979645792,0.0184705377471464,-1.04892738806333,0.343785146167652
matrix,OY1,3.77575564669586,12.5346289636262,-19.7240322079792,0.0041350979645792,0.0823196646348955,0.00778127120713021,0.765648330970403,-0.938318290339721
matrix,OY1,1.54454616868311,-0.948067366110461,-3.33506708405737,0.0184705377471464,0.00778127120713021,0.0537402252729618,-0.220547777825351,0.420281538328251
matrix,OY1,13.6667457434026,468.884362760569,100.814754114297,-1.04892738806333,0.765648330970403,-0.220547777825351,42.0764265144305,-28.594602479383
matrix,OY1,-139.108977706007,-1006.38840592631,352.466807112139,0.343785146167652,-0.938318290339721,0.420281538328251,-28.594602479383,58.4117590843489
