type,phone,F1_0.33,F2_0.33,F3_0.33,B1_0.33,B2_0.33,B3_0.33,A1A2diff_0.33,A2A3diff_0.33
means,AA1,565.729520895094,1121.0468729081,2018.70622645118,2.05471953715215,2.43202559051353,2.7499849478818,10.0676731089223,13.7090148034809
means,AE1,624.579775821758,1386.84682941365,2137.29677119149,2.19671538073626,2.57201470224178,2.48151081465181,9.7021009948196,4.26319812038693
means,AH1,585.145618905526,1259.7946997389,2061.93256247669,2.07661549528428,2.51353435818192,2.63327238237332,10.8219932114882,8.97180319177279
means,AO1,480.225030714103,983.091155618121,2065.86477860251,1.93462389301254,2.44047935756335,2.78623910929102,13.2720192475045,17.5373865881751
means,AW1,626.732461002575,1361.48592912313,2066.78276540966,2.19370463425716,2.51442553384825,2.51186933212176,8.52083716492503,5.73039756171437
means,AY1,610.496093568816,1236.53654312729,2015.29781375435,2.17305070466506,2.53115516457051,2.62281581036482,9.14853447506913,8.70713913567032
means,EH1,566.270467976275,1444.1463780813,2230.57570169233,2.01354243347663,2.58653908146052,2.43266425967242,13.3876999510257,2.83186455351798
means,ER1,564.65447425357,1272.56833838165,2071.49974037213,2.02040064906967,2.51855521419299,2.4304653829511,11.890829208135,6.53045248810039
means,EY1,527.396026004728,1513.29851615445,2314.86892040977,1.97023023640662,2.67943929078014,2.48385197005516,15.6590328762805,0.425160204885737
means,IH1,461.705831379179,1645.45652887604,2412.92657359437,1.82287031684572,2.6274108741888,2.46871191579866,19.8178394066641,-0.742385548344876
means,IY1,402.769877409249,1732.92098072601,2546.81878498944,1.82675449158891,2.71938099162297,2.47232773275216,22.8283008172717,-3.29277572022066
means,OW1,558.561067615658,1256.9450008088,2106.371264154,2.03011795535425,2.53415524102232,2.56119048851504,12.1587961339372,8.02273696214817
means,OY1,473.059713831479,1060.303290938,2062.96419713831,1.87686152623211,2.45910635930048,2.71808012718601,14.533706836248,13.3700766295707
means,UH1,466.287570909091,1316.38690181818,2229.68213090909,1.74980203636364,2.47434145454545,2.53896698181818,18.2966580363636,7.00109090909091
means,UW1,400.498660298507,1540.91234985075,2373.72779940299,1.78491111641791,2.60072885970149,2.51834660298507,21.9630594626866,2.00161080597015
matrix,IH1,4955.43645881057,-2131.24724987635,-12.5720976993045,1.64197489856128,5.90167702100911,2.21344641447664,-84.7765867579491,-10.4899673996136
matrix,IH1,-2131.24724987635,157097.929525663,56588.7683467173,-51.0030225926774,-81.6487215952148,49.9864468902945,-256.245441126023,3.49244080769241
matrix,IH1,-12.5720976993045,56588.7683467173,53171.5238601341,-12.5771958429315,-44.8248187458974,19.5940374044322,-58.4225420906457,211.918118428283
matrix,IH1,1.64197489856128,-51.0030225926774,-12.5771958429315,0.192808304875298,-0.000879838672621021,0.00415082188676752,-1.34551395701958,0.378304845809121
matrix,IH1,5.90167702100911,-81.6487215952148,-44.8248187458974,-0.000879838672621021,0.255543274083316,-0.0437037967308034,2.17786472758248,-2.44646199061364
matrix,IH1,2.21344641447664,49.9864468902945,19.5940374044322,0.00415082188676752,-0.0437037967308034,0.15987305317007,-0.326595824116512,1.15808061776463
matrix,IH1,-84.7765867579491,-256.245441126023,-58.4225420906457,-1.34551395701958,2.17786472758248,-0.326595824116512,95.4988316930325,-50.3062465973142
matrix,IH1,-10.4899673996136,3.49244080769241,211.918118428283,0.378304845809121,-2.44646199061364,1.15808061776463,-50.3062465973142,81.1412815571679
matrix,IY1,4240.93729068106,1456.86183111738,3027.65259081957,-0.0878212336817286,4.44511595734811,0.813656597188323,-38.4215305312988,-40.7436728863436
matrix,IY1,1456.86183111738,189296.308635164,43766.7690379101,-43.4552787208608,-71.0859709096362,13.4707090699938,-429.895435780668,-471.736971602822
matrix,IY1,3027.65259081957,43766.7690379101,51990.061738995,-6.9596419868458,-11.36322649667,3.38521127474134,337.474644406728,-345.176314589623
matrix,IY1,-0.0878212336817286,-43.4552787208608,-6.9596419868458,0.171520114994638,-0.0132129520440946,0.0111102623062951,-1.67625382537556,0.672834541624693
matrix,IY1,4.44511595734811,-71.0859709096362,-11.36322649667,-0.0132129520440946,0.209867891497396,-0.0293093292153514,2.47244031588735,-2.41287030453641
matrix,IY1,0.813656597188323,13.4707090699938,3.38521127474134,0.0111102623062951,-0.0293093292153514,0.12719083841079,-0.512422890579811,1.4911138009204
matrix,IY1,-38.4215305312988,-429.895435780668,337.474644406728,-1.67625382537556,2.47244031588735,-0.512422890579811,116.234287158374,-61.3375958203182
matrix,IY1,-40.7436728863436,-471.736971602822,-345.176314589623,0.672834541624693,-2.41287030453641,1.4911138009204,-61.3375958203182,95.2692402927308
matrix,EH1,8018.97643577359,-96.7373927868688,-2880.84170851842,0.786511544355251,7.56788188859923,3.43265272917756,-135.655856606311,-26.1904734668132
matrix,EH1,-96.7373927868688,135336.307074931,68155.2885734656,-69.9439936609506,-63.8772374233641,65.7886632985483,399.144834298473,-277.959434064449
matrix,EH1,-2880.84170851842,68155.2885734656,79725.6568383096,-23.3560124607194,-68.443606225618,33.0201947561423,126.89010447911,409.716716150037
matrix,EH1,0.786511544355251,-69.9439936609506,-23.3560124607194,0.207367128433303,-0.00774415369480425,-0.017055015184463,-1.49803064981453,0.626769308036633
matrix,EH1,7.56788188859923,-63.8772374233641,-68.443606225618,-0.00774415369480425,0.262426760155186,-0.0627275135280418,1.68885277400768,-2.50472608850633
matrix,EH1,3.43265272917756,65.7886632985483,33.0201947561423,-0.017055015184463,-0.0627275135280418,0.186235859053426,-0.196358434808564,1.33034907619007
matrix,EH1,-135.655856606311,399.144834298473,126.89010447911,-1.49803064981453,1.68885277400768,-0.196358434808564,87.9215701188469,-50.0094523580797
matrix,EH1,-26.1904734668132,-277.959434064449,409.716716150037,0.626769308036633,-2.50472608850633,1.33034907619007,-50.0094523580797,88.7348998583005
matrix,EY1,7543.54881885818,147.901799351381,-3211.65711401558,1.42800097193017,0.933641266800697,2.67868888721333,-247.384438215308,67.3702214738066
matrix,EY1,147.901799351381,151264.152316318,53950.7116230807,-55.8470238555953,-52.4365897548392,51.8027558343129,253.156249702897,-568.309261228099
matrix,EY1,-3211.65711401558,53950.7116230807,65009.3397211135,-12.7969046086974,-44.5805607067315,20.2331989862865,253.35206344987,106.479766896036
matrix,EY1,1.42800097193017,-55.8470238555953,-12.7969046086974,0.180535710102316,-0.0142797498664885,-0.00266026525895738,-1.44725442839819,0.754362037327558
matrix,EY1,0.933641266800697,-52.4365897548392,-44.5805607067315,-0.0142797498664885,0.22578235740008,-0.0484915803091078,1.87865438581511,-2.37237769798472
matrix,EY1,2.67868888721333,51.8027558343129,20.2331989862865,-0.00266026525895738,-0.0484915803091078,0.15224703974275,-0.395423855597912,1.11852822176806
matrix,EY1,-247.384438215308,253.156249702897,253.35206344987,-1.44725442839819,1.87865438581511,-0.395423855597912,100.048577012614,-56.1092843416477
matrix,EY1,67.3702214738066,-568.309261228099,106.479766896036,0.754362037327558,-2.37237769798472,1.11852822176806,-56.1092843416477,86.5564232766288
matrix,OW1,8073.74598648447,3640.0093688093,-2146.57979804148,0.163570499473374,1.09079898785234,2.28483582217517,-221.349269500928,-10.2636018522123
matrix,OW1,3640.0093688093,70251.6348863949,48779.2518394433,-37.2391828049162,-25.0184009761832,23.3529899829406,386.702940231986,-524.292289040392
matrix,OW1,-2146.57979804148,48779.2518394433,129479.696752677,-30.0640386223928,-65.3019743460663,8.82830483747185,487.346850842791,471.208527166083
matrix,OW1,0.163570499473374,-37.2391828049162,-30.0640386223928,0.181397332289405,0.00294832372373154,-0.00562793663256898,-1.43480038804269,0.440692496472086
matrix,OW1,1.09079898785234,-25.0184009761832,-65.3019743460663,0.00294832372373154,0.204324916888327,-0.0410256458184628,1.2169292995123,-2.06918514367509
matrix,OW1,2.28483582217517,23.3529899829406,8.82830483747185,-0.00562793663256898,-0.0410256458184628,0.185416945516578,-0.13725387594877,1.73402342251369
matrix,OW1,-221.349269500928,386.702940231986,487.346850842791,-1.43480038804269,1.2169292995123,-0.13725387594877,79.6691514354781,-35.8697496985411
matrix,OW1,-10.2636018522123,-524.292289040392,471.208527166083,0.440692496472086,-2.06918514367509,1.73402342251369,-35.8697496985411,85.3271591877237
matrix,AY1,10899.2146266953,3747.45921307758,-3995.09152103355,-2.12057661561832,3.47525420903906,4.31253556812051,-171.686603440628,0.226044539534069
matrix,AY1,3747.45921307758,56501.0793695178,32767.7167807968,-31.4629455791393,-7.4053933092723,27.4496212462629,412.265749925836,-489.603166257107
matrix,AY1,-3995.09152103355,32767.7167807968,136498.488618306,-29.9817582227134,-51.1625417246257,11.2232574419528,659.599798639934,711.795790145686
matrix,AY1,-2.12057661561832,-31.4629455791393,-29.9817582227134,0.171470507781271,0.000341540652218892,-0.0123431033680391,-1.32164672928838,0.308115093929203
matrix,AY1,3.47525420903906,-7.4053933092723,-51.1625417246257,0.000341540652218892,0.191002780221085,-0.0630219309801454,1.1188524488822,-2.27262460494389
matrix,AY1,4.31253556812051,27.4496212462629,11.2232574419528,-0.0123431033680391,-0.0630219309801454,0.195737156224309,-0.265970525915499,1.93307316376907
matrix,AY1,-171.686603440628,412.265749925836,659.599798639934,-1.32164672928838,1.1188524488822,-0.265970525915499,64.1541693731756,-32.9649671518345
matrix,AY1,0.226044539534069,-489.603166257107,711.795790145686,0.308115093929203,-2.27262460494389,1.93307316376907,-32.9649671518345,89.7098401728749
matrix,AE1,13147.2596813407,3618.01305891233,-4352.38624489221,1.0674763730154,4.13872369915157,7.32824978726773,-259.730427234373,31.0351908173395
matrix,AE1,3618.01305891233,100920.370771031,67581.1132657297,-58.6074030788221,-47.1053238293688,57.13644584467,389.977365242701,-52.3345260643221
matrix,AE1,-4352.38624489221,67581.1132657297,104415.981846126,-35.550224384501,-68.6261947798698,35.9154094246596,423.086548163216,587.833452291153
matrix,AE1,1.0674763730154,-58.6074030788221,-35.550224384501,0.203684180920125,-0.00342210419735018,-0.0208566333389105,-1.58259486481174,0.331511089365515
matrix,AE1,4.13872369915157,-47.1053238293688,-68.6261947798698,-0.00342210419735018,0.222125649876902,-0.0572412743360654,1.35522548597336,-2.24788435263649
matrix,AE1,7.32824978726773,57.13644584467,35.9154094246596,-0.0208566333389105,-0.0572412743360654,0.184306925606951,-0.130965894604561,1.51594139336207
matrix,AE1,-259.730427234373,389.977365242701,423.086548163216,-1.58259486481174,1.35522548597336,-0.130965894604561,76.5465521532637,-38.0218516022368
matrix,AE1,31.0351908173395,-52.3345260643221,587.833452291153,0.331511089365515,-2.24788435263649,1.51594139336207,-38.0218516022368,78.5289207905182
matrix,AH1,9545.36351021989,984.322216141561,-4181.50875271838,2.30909081541204,2.41455387056004,2.76604346377911,-246.429057585642,24.5740399608562
matrix,AH1,984.322216141561,47953.5350843698,41215.2778943936,-29.6197171435939,-21.744818064659,21.3716025107575,347.742247252198,-236.712690535943
matrix,AH1,-4181.50875271838,41215.2778943936,146081.826410704,-27.5186644482665,-65.851749292086,4.2296765900635,577.168477136868,694.385913781867
matrix,AH1,2.30909081541204,-29.6197171435939,-27.5186644482665,0.1792536984117,0.00438910314710864,-0.00129105141419557,-1.50115079475093,0.352492632187031
matrix,AH1,2.41455387056004,-21.744818064659,-65.851749292086,0.00438910314710864,0.194769531140672,-0.0518910236934964,1.0592031540508,-1.97771020649995
matrix,AH1,2.76604346377911,21.3716025107575,4.2296765900635,-0.00129105141419557,-0.0518910236934964,0.195281674882009,-0.281466396927341,1.90360553676992
matrix,AH1,-246.429057585642,347.742247252198,577.168477136868,-1.50115079475093,1.0592031540508,-0.281466396927341,67.0179444068835,-29.9727192157814
matrix,AH1,24.5740399608562,-236.712690535943,694.385913781867,0.352492632187031,-1.97771020649995,1.90360553676992,-29.9727192157814,79.4751928279835
matrix,AA1,7722.03554593532,3862.72274280158,-2515.20811503495,0.340963931511202,2.77497791432751,-0.101910253577957,-137.879699847621,-55.211392159988
matrix,AA1,3862.72274280158,35322.6862568424,18287.9291436405,-15.9012891427061,-3.64459034785675,8.06953125562316,276.64724081175,-536.825303452365
matrix,AA1,-2515.20811503495,18287.9291436405,155266.651371279,-19.9508285811079,-42.7679401097167,-17.1897897746707,530.173680103852,648.284610919199
matrix,AA1,0.340963931511202,-15.9012891427061,-19.9508285811079,0.1607769066372,0.0120137496788311,-0.00695577968198664,-1.27305408127163,0.0986339211615961
matrix,AA1,2.77497791432751,-3.64459034785675,-42.7679401097167,0.0120137496788311,0.165594553838177,-0.0418388076972124,0.961346800646141,-1.8931053293431
matrix,AA1,-0.101910253577957,8.06953125562316,-17.1897897746707,-0.00695577968198664,-0.0418388076972124,0.169099899278003,-0.0938671760867115,1.71477834900727
matrix,AA1,-137.879699847621,276.64724081175,530.173680103852,-1.27305408127163,0.961346800646141,-0.0938671760867115,58.0634296589057,-26.1335834370646
matrix,AA1,-55.211392159988,-536.825303452365,648.284610919199,0.0986339211615961,-1.8931053293431,1.71477834900727,-26.1335834370646,83.9213402054121
matrix,UW1,3874.44095509536,167.227240764906,1681.59415640187,-0.491869199817744,-0.415045418222373,1.8831828744788,-114.387997747173,62.6859567136665
matrix,UW1,167.227240764906,146164.968663763,58249.5572156565,-33.4666354366815,-43.84410128588,0.409814026493104,6.2018677675871,-1111.11102631689
matrix,UW1,1681.59415640187,58249.5572156565,61658.7666083285,-12.6034880563798,-24.3156521529873,-2.35047475222199,199.527011194041,-310.102096671465
matrix,UW1,-0.491869199817744,-33.4666354366815,-12.6034880563798,0.165637477780638,0.000379925371765201,0.00969379643435181,-1.47346883920301,0.489186809983755
matrix,UW1,-0.415045418222373,-43.84410128588,-24.3156521529873,0.000379925371765201,0.193017965889015,-0.0134709127327372,1.95290736574849,-1.92229664095078
matrix,UW1,1.8831828744788,0.409814026493104,-2.35047475222199,0.00969379643435181,-0.0134709127327372,0.142060473804735,-0.151007890555086,1.39215850951546
matrix,UW1,-114.387997747173,6.2018677675871,199.527011194041,-1.47346883920301,1.95290736574849,-0.151007890555086,96.7831282816083,-43.6283229200611
matrix,UW1,62.6859567136665,-1111.11102631689,-310.102096671465,0.489186809983755,-1.92229664095078,1.39215850951546,-43.6283229200611,86.818734322514
matrix,ER1,8087.50509200702,-438.808464683492,-5241.40238217119,4.98880643995178,10.5165317022014,0.049341858848609,-136.534391116888,-83.7201264146004
matrix,ER1,-438.808464683492,67479.7315945538,62260.1315873173,-57.3069035937262,-40.9555151376526,50.1677054740565,552.442202828208,38.9022776296772
matrix,ER1,-5241.40238217119,62260.1315873173,141804.432224521,-52.223202679918,-98.1150846618491,34.7033725052943,474.891335340487,1019.83182181666
matrix,ER1,4.98880643995178,-57.3069035937262,-52.223202679918,0.214760895891353,0.0110320104403371,-0.0262750816918071,-1.7105089207852,0.239994971364185
matrix,ER1,10.5165317022014,-40.9555151376526,-98.1150846618491,0.0110320104403371,0.235992204361329,-0.0478903567718028,0.882076459044607,-2.16186342970454
matrix,ER1,0.049341858848609,50.1677054740565,34.7033725052943,-0.0262750816918071,-0.0478903567718028,0.209943282238371,0.140147277145736,1.48282873956669
matrix,ER1,-136.534391116888,552.442202828208,474.891335340487,-1.7105089207852,0.882076459044607,0.140147277145736,73.9306573632461,-30.9430265941961
matrix,ER1,-83.7201264146004,38.9022776296772,1019.83182181666,0.239994971364185,-2.16186342970454,1.48282873956669,-30.9430265941961,75.4689329442438
matrix,AO1,6760.55259407944,7326.90846486275,-3759.45222626992,1.40204254879888,3.55856219678154,0.320872835097117,-118.465105293437,-181.176406493636
matrix,AO1,7326.90846486275,53015.1213382138,13764.2358538397,-11.0757585571168,18.378186551824,1.29637507779894,712.335750807653,-1430.77457596453
matrix,AO1,-3759.45222626992,13764.2358538397,104973.65372722,-8.06375485103866,-12.8367713102792,-21.9462547432921,538.209370982247,-53.0763979717397
matrix,AO1,1.40204254879888,-11.0757585571168,-8.06375485103866,0.163407156978008,0.0133137685951546,-0.00803143906971773,-1.44933831538122,0.184937218500446
matrix,AO1,3.55856219678154,18.378186551824,-12.8367713102792,0.0133137685951546,0.164165188921077,-0.0212491876349253,1.48694849537625,-2.13879097223004
matrix,AO1,0.320872835097117,1.29637507779894,-21.9462547432921,-0.00803143906971773,-0.0212491876349253,0.125599787347779,-0.0888075636096298,1.23323164317786
matrix,AO1,-118.465105293437,712.335750807653,538.209370982247,-1.44933831538122,1.48694849537625,-0.0888075636096298,79.4792375422559,-45.8779390015567
matrix,AO1,-181.176406493636,-1430.77457596453,-53.0763979717397,0.184937218500446,-2.13879097223004,1.23323164317786,-45.8779390015567,98.4309004823876
matrix,UH1,4352.11828201371,601.695552148525,-3274.02437538775,1.43489416943337,3.02346298359402,3.15356720940267,-159.226819790508,10.9223167937674
matrix,UH1,601.695552148525,84502.9682772939,48508.8048362283,-34.3115261399746,-22.6068499318804,9.68402425498002,504.624275428846,-991.866814193397
matrix,UH1,-3274.02437538775,48508.8048362283,110790.932147785,-19.4378364286511,-50.3158913533201,-12.3720470504052,577.211990427914,-34.4096469980813
matrix,UH1,1.43489416943337,-34.3115261399746,-19.4378364286511,0.168156994755676,0.0159818083944158,0.00422515337878523,-1.46929173047489,0.608834896867143
matrix,UH1,3.02346298359402,-22.6068499318804,-50.3158913533201,0.0159818083944158,0.190730912879979,-0.0268501729242821,1.2366391950669,-1.84739288588196
matrix,UH1,3.15356720940267,9.68402425498002,-12.3720470504052,0.00422515337878523,-0.0268501729242821,0.197188768559661,-0.436943342521943,1.71647786203586
matrix,UH1,-159.226819790508,504.624275428846,577.211990427914,-1.46929173047489,1.2366391950669,-0.436943342521943,82.0806560378957,-42.133679833766
matrix,UH1,10.9223167937674,-991.866814193397,-34.4096469980813,0.608834896867143,-1.84739288588196,1.71647786203586,-42.133679833766,86.001415358731
matrix,AW1,12488.0380544545,2623.13000026534,-3646.62120186881,-0.474367136520248,5.60737619222584,8.04694211971418,-212.610479879268,43.1548409598034
matrix,AW1,2623.13000026534,79008.6174160822,63612.7831017774,-49.3838781033673,-45.8144275420555,36.7398692400254,290.364750431535,-62.2508931715452
matrix,AW1,-3646.62120186881,63612.7831017774,118511.920979507,-42.088940946474,-72.230634938844,15.1287792244767,495.12575598506,496.323661341037
matrix,AW1,-0.474367136520248,-49.3838781033673,-42.088940946474,0.185133591314479,0.00973211850782554,-0.0199540439823634,-1.41657203685205,0.151268570455106
matrix,AW1,5.60737619222584,-45.8144275420555,-72.230634938844,0.00973211850782554,0.212334306003483,-0.0478095266433499,1.04738463248016,-1.93908909262631
matrix,AW1,8.04694211971418,36.7398692400254,15.1287792244767,-0.0199540439823634,-0.0478095266433499,0.182808625949675,-0.139355102440791,1.57924706125966
matrix,AW1,-212.610479879268,290.364750431535,495.12575598506,-1.41657203685205,1.04738463248016,-0.139355102440791,63.9527140827658,-27.7598883626449
matrix,AW1,43.1548409598034,-62.2508931715452,496.323661341037,0.151268570455106,-1.93908909262631,1.57924706125966,-27.7598883626449,71.2942814749123
matrix,OY1,4051.84350596893,6766.75776686683,-3559.03923860592,-3.89453696484917,4.67547484417942,-0.0984151410463476,-26.0487557974036,-198.146933533769
matrix,OY1,6766.75776686683,71368.5741724327,23157.5316719935,-20.9430251088524,10.9319663771278,-6.99567516697973,576.717104316638,-1602.12613265227
matrix,OY1,-3559.03923860592,23157.5316719935,149754.570040955,-17.2511608812568,-38.1162345442493,-34.0370403718722,407.118216253109,325.297505224041
matrix,OY1,-3.89453696484917,-20.9430251088524,-17.2511608812568,0.149136113740342,0.0191284698151195,-0.0235819789982836,-1.22964685515058,0.0749154094497382
matrix,OY1,4.67547484417942,10.9319663771278,-38.1162345442493,0.0191284698151195,0.183905761997711,-0.0487852554785171,0.73344113358703,-2.10495825327471
matrix,OY1,-0.0984151410463476,-6.99567516697973,-34.0370403718722,-0.0235819789982836,-0.0487852554785171,0.177476368378328,-0.131796401981763,1.8509004239775
matrix,OY1,-26.0487557974036,576.717104316638,407.118216253109,-1.22964685515058,0.73344113358703,-0.131796401981763,70.9812374692685,-33.4919308497444
matrix,OY1,-198.146933533769,-1602.12613265227,325.297505224041,0.0749154094497382,-2.10495825327471,1.8509004239775,-33.4919308497444,103.64927810017
