type,phone,F1_0.33,F2_0.33,F3_0.33,B1_0.33,B2_0.33,B3_0.33,A1A2diff_0.33,A2A3diff_0.33
means,aa,723.064114470842,1296.63064187365,2304.0758524568,2.09488554265659,2.10425328698704,2.28194727321814,4.35322011339093,14.0692851883099
means,ae,653.884851469042,1799.59031508083,2446.10919803293,2.04179113944642,2.04179973972671,2.3315247835227,6.89313272185795,7.30714058010911
means,ah,632.172725531726,1497.2164356285,2406.51093396071,2.05866305376235,2.08964799802148,2.3029801831395,8.0272906489784,10.1574118926529
means,ao,710.765315804118,1189.17840845854,2464.47521355036,2.07021828742348,2.11470306065665,2.27057091680579,4.73052538258208,17.5384071855871
means,aw,730.659613017913,1537.84290373308,2417.92148707781,2.08252230958567,2.10409332011486,2.31529580883358,5.47462046355805,10.4239849582935
means,ay,749.484039245482,1529.41644525942,2360.11773571397,2.08748105521544,2.08204071243845,2.33168021361465,5.3985257579521,10.1102979573647
means,eh,599.128905532146,1766.3588742694,2427.88509555525,1.96753266005165,2.03242614924562,2.31105857550632,8.17886739975533,6.99566169090662
means,er,517.762953271028,1378.6137435514,1796.53921831776,1.98211777570093,2.10675049719626,2.19270994766355,7.38120894953271,5.1860161046729
means,ey,550.15161006704,1967.36186586438,2495.54646389713,1.93033003352017,2.04892534893944,2.30444681558413,9.3561321106715,4.47966604874162
means,ih,510.972706725845,1811.15463489245,2455.344403141,1.98532932468419,2.02605150836463,2.29338852987368,10.2395797132127,5.83252178764083
means,iy,438.838484749574,2086.34674228412,2498.93796123019,1.938796128459,2.13447227360099,2.25153243934284,12.1549184999819,1.77696552424473
means,ow,622.964830964131,1250.07638027547,2376.93941684466,2.07130118951167,2.09530868932754,2.2879311501068,7.13811249907932,14.3809155354644
means,oy,558.409672473868,1069.20406968641,2445.10017421603,2.04336655052265,2.07383275261324,2.30244390243902,7.52510703832753,17.6020825783972
means,uh,499.545979183347,1554.62111289031,2392.45079423539,1.91221657325861,2.09193903923139,2.22260523618895,11.5828891593275,7.34009582065652
means,uw,434.959353051483,1739.88526295602,2407.90777787249,1.91873724428912,2.12350788015684,2.20019503068531,14.0357906495056,3.51210189652233
matrix,eh,9942.21734598023,1558.59341699321,6093.78679134534,3.97036958954691,2.53594112393347,5.20621128629975,-150.199844169788,143.78293497006
matrix,eh,1558.59341699321,76780.9307006004,43318.7452416324,5.94552428252644,7.73456139375381,12.4415388814325,149.970269343112,-415.415574160814
matrix,eh,6093.78679134534,43318.7452416324,72951.0820620348,4.42299142135711,1.37980188502026,-2.40050637332517,364.333529874146,70.3643214865337
matrix,eh,3.97036958954691,5.94552428252644,4.42299142135711,0.056222960209934,0.00975133825669575,0.00499289376297811,-0.608559322746141,-0.0114220535342936
matrix,eh,2.53594112393347,7.73456139375381,1.37980188502026,0.00975133825669575,0.0425062590630992,0.00406414122461452,0.474809749564435,-0.408775021462877
matrix,eh,5.20621128629975,12.4415388814325,-2.40050637332517,0.00499289376297811,0.00406414122461452,0.0470992867952739,-0.0265878505539434,0.51445462382407
matrix,eh,-150.199844169788,149.970269343112,364.333529874146,-0.608559322746141,0.474809749564435,-0.0265878505539434,41.1957972180292,-5.41309085545374
matrix,eh,143.78293497006,-415.415574160814,70.3643214865337,-0.0114220535342936,-0.408775021462877,0.51445462382407,-5.41309085545374,27.9692565785998
matrix,ae,15097.30365016,3147.86766616956,4431.28797332454,3.21090034326879,4.72630706215242,6.20304062123732,-171.46435784976,123.136443021194
matrix,ae,3147.86766616956,64457.3830756187,38888.8750152411,6.36828789003452,9.27428069142906,6.80980146972347,56.9336016648071,-365.168650875978
matrix,ae,4431.28797332454,38888.8750152411,61786.9454910605,2.58486212607304,3.30598903800687,-6.26253725819463,361.976381368181,-13.5054736539351
matrix,ae,3.21090034326879,6.36828789003452,2.58486212607304,0.0603213777400468,0.011027334363958,0.00344269979902662,-0.629647015750481,-0.0865324595982635
matrix,ae,4.72630706215242,9.27428069142906,3.30598903800687,0.011027334363958,0.0417186966248462,0.000893084080654411,0.394838541787657,-0.448028007991815
matrix,ae,6.20304062123732,6.80980146972347,-6.26253725819463,0.00344269979902662,0.000893084080654411,0.0481285125963055,-0.0807592950703737,0.601815216523394
matrix,ae,-171.46435784976,56.9336016648071,361.976381368181,-0.629647015750481,0.394838541787657,-0.0807592950703737,39.7473269832028,-3.69411129596993
matrix,ae,123.136443021194,-365.168650875978,-13.5054736539351,-0.0865324595982635,-0.448028007991815,0.601815216523394,-3.69411129596993,27.3708044566056
matrix,uw,5542.49620490898,2338.81223614166,5650.89161735362,5.69764620783226,-0.261436914306748,3.44967162415573,-211.073005496822,115.539523082376
matrix,uw,2338.81223614166,127901.616597442,43569.4101009594,-5.23398230035789,-2.70120690649621,8.353652812371,-52.7685466260626,-1003.83700575469
matrix,uw,5650.89161735362,43569.4101009594,59014.0244629731,-0.875770405748744,-2.90606371794436,6.25733895963431,267.668195555916,198.50989012645
matrix,uw,5.69764620783226,-5.23398230035789,-0.875770405748744,0.0642394383881948,0.00766578461379751,0.00943371665101156,-1.03551992561048,0.171034437728024
matrix,uw,-0.261436914306748,-2.70120690649621,-2.90606371794436,0.00766578461379751,0.0541330278426867,0.00363567255461051,0.705085053745851,-0.533573185204393
matrix,uw,3.44967162415573,8.353652812371,6.25733895963431,0.00943371665101156,0.00363567255461051,0.0526351628726326,-0.0711902870059356,0.684928611224956
matrix,uw,-211.073005496822,-52.7685466260626,267.668195555916,-1.03551992561048,0.705085053745851,-0.0711902870059356,62.870999572327,-10.3562370345141
matrix,uw,115.539523082376,-1003.83700575469,198.50989012645,0.171034437728024,-0.533573185204393,0.684928611224956,-10.3562370345141,44.0612128478449
matrix,iy,5777.0197426201,139.904205122591,1429.17036399928,5.66376744425594,3.93499784738747,0.527075411454012,-153.308252346652,-1.50051425867792
matrix,iy,139.904205122591,76082.5851765464,63044.2064279198,1.49346938198346,10.8574151902068,1.59313529139048,223.487781751229,-141.561574690971
matrix,iy,1429.17036399928,63044.2064279198,72230.9560722111,1.62489595411592,5.42277486970208,-0.431035465714837,629.301536309529,-16.3309867761195
matrix,iy,5.66376744425594,1.49346938198346,1.62489595411592,0.0687598810688807,0.00766836256016708,-0.00321645159133558,-1.02455905028163,-0.100526601824292
matrix,iy,3.93499784738747,10.8574151902068,5.42277486970208,0.00766836256016708,0.0657134374174691,-0.0133813877403254,0.725941592424997,-0.827792808937772
matrix,iy,0.527075411454012,1.59313529139048,-0.431035465714837,-0.00321645159133558,-0.0133813877403254,0.0455716086132788,-0.0873333537822943,0.678908813946209
matrix,iy,-153.308252346652,223.487781751229,629.301536309529,-1.02455905028163,0.725941592424997,-0.0873333537822943,67.3795718660086,-8.20186127783023
matrix,iy,-1.50051425867792,-141.561574690971,-16.3309867761195,-0.100526601824292,-0.827792808937772,0.678908813946209,-8.20186127783023,25.6223788111654
matrix,ow,14311.4605185142,17155.55266094,12232.232483956,8.54153038440569,3.20767495384146,7.36267769275522,-231.84797792913,-43.9816673531752
matrix,ow,17155.55266094,67926.8971810528,23792.1510884999,3.07562102886984,4.17533344094036,7.49163980001635,150.932273217561,-1072.02696128584
matrix,ow,12232.232483956,23792.1510884999,100938.048761663,6.49495272104281,0.130274951372585,-5.27698980347793,78.6557303080053,335.771539334064
matrix,ow,8.54153038440569,3.07562102886984,6.49495272104281,0.0546041818340759,0.00592355925090079,0.0122123898292615,-0.74063180690293,0.196165933479228
matrix,ow,3.20767495384146,4.17533344094036,0.130274951372585,0.00592355925090079,0.0444546886207949,0.0101765587209801,0.440897158940867,-0.370240494871217
matrix,ow,7.36267769275522,7.49163980001635,-5.27698980347793,0.0122123898292615,0.0101765587209801,0.0555429118779046,-0.124422979138871,0.752036737034612
matrix,ow,-231.84797792913,150.932273217561,78.6557303080053,-0.74063180690293,0.440897158940867,-0.124422979138871,31.7437377248468,-13.7690717371968
matrix,ow,-43.9816673531752,-1072.02696128584,335.771539334064,0.196165933479228,-0.370240494871217,0.752036737034612,-13.7690717371968,62.4296477021913
matrix,ay,19818.5094286945,2905.00775048814,8854.72777492054,11.0265602557026,4.72281752989548,8.07533013509565,-288.288618467647,261.483590183397
matrix,ay,2905.00775048814,43076.035447181,18821.8333795561,0.698347486103497,2.12625686975349,7.68327457596684,166.576839030109,-406.457714494988
matrix,ay,8854.72777492054,18821.8333795561,80469.5063377645,6.70034155191594,1.21450012267982,-11.1628353079967,171.044593838935,293.680075306275
matrix,ay,11.0265602557026,0.698347486103497,6.70034155191594,0.0550899284368234,0.00879229984450245,0.00849912447055775,-0.672554320305848,0.154016794469338
matrix,ay,4.72281752989548,2.12625686975349,1.21450012267982,0.00879229984450245,0.0375376885216081,0.00400221925530076,0.307902627508592,-0.272393119215932
matrix,ay,8.07533013509565,7.68327457596684,-11.1628353079967,0.00849912447055775,0.00400221925530076,0.0499207484086101,-0.0875489643673083,0.593828897413557
matrix,ay,-288.288618467647,166.576839030109,171.044593838935,-0.672554320305848,0.307902627508592,-0.0875489643673083,30.2911973704708,-7.75042634924414
matrix,ay,261.483590183397,-406.457714494988,293.680075306275,0.154016794469338,-0.272393119215932,0.593828897413557,-7.75042634924414,35.5586306975703
matrix,ih,7241.15733264404,2742.7928197567,2749.3415491751,6.2356935510331,1.78419914554029,5.25190909437314,-233.597688423811,93.5489439289671
matrix,ih,2742.7928197567,82103.1067623793,48145.9074555736,-1.21839215861609,1.80073755119327,10.0898800300427,37.0615791985979,-283.398874812104
matrix,ih,2749.3415491751,48145.9074555736,74737.7075156307,-1.91650521182761,-3.83074277741351,-8.28993310964714,454.052443594858,16.9611904429044
matrix,ih,6.2356935510331,-1.21839215861609,-1.91650521182761,0.0661549220474312,0.0126459418201148,0.00566632524991536,-0.855739368474519,-0.0267940462471949
matrix,ih,1.78419914554029,1.80073755119327,-3.83074277741351,0.0126459418201148,0.047587652343438,0.00177079226581279,0.467542897280477,-0.48127106242006
matrix,ih,5.25190909437314,10.0898800300427,-8.28993310964714,0.00566632524991536,0.00177079226581279,0.0595935004375101,-0.107430638593069,0.73572927646891
matrix,ih,-233.597688423811,37.0615791985979,454.052443594858,-0.855739368474519,0.467542897280477,-0.107430638593069,51.8473202168499,-4.68336971417042
matrix,ih,93.5489439289671,-283.398874812104,16.9611904429044,-0.0267940462471949,-0.48127106242006,0.73572927646891,-4.68336971417042,30.2217600407088
matrix,ey,8780.32776434813,4354.06812909357,6888.49605964599,6.34551263852276,3.77773770810694,4.61655974855356,-142.440189190127,84.2123885689695
matrix,ey,4354.06812909357,56988.3510392633,40755.6809686533,8.29295106378414,15.1607930421913,10.0540460121378,77.6894214313879,-121.43616149607
matrix,ey,6888.49605964599,40755.6809686533,56627.8058965656,6.80522065713186,6.03117533621125,3.34654331202543,346.538517582818,133.930744481258
matrix,ey,6.34551263852276,8.29295106378414,6.80522065713186,0.0583789431872609,0.010029921978598,0.00274562058348358,-0.708711807776897,-0.0277502658723418
matrix,ey,3.77773770810694,15.1607930421913,6.03117533621125,0.010029921978598,0.045952395586566,0.00138000035438775,0.442720424386446,-0.460469862592185
matrix,ey,4.61655974855356,10.0540460121378,3.34654331202543,0.00274562058348358,0.00138000035438775,0.0395493039230918,-0.0473895719000789,0.453725083061672
matrix,ey,-142.440189190127,77.6894214313879,346.538517582818,-0.708711807776897,0.442720424386446,-0.0473895719000789,48.6926913626372,-3.83265254588815
matrix,ey,84.2123885689695,-121.43616149607,133.930744481258,-0.0277502658723418,-0.460469862592185,0.453725083061672,-3.83265254588815,21.5609884166114
matrix,aw,11697.9838760212,9259.67187880582,11709.0333391328,6.29819771926648,3.88524595837209,5.08008588336944,-134.273028673927,86.5486706289138
matrix,aw,9259.67187880582,65028.8595845455,28048.3898202765,4.57142689316321,-0.0018647259695914,16.6965219734016,42.7667510306265,-505.177671349004
matrix,aw,11709.0333391328,28048.3898202765,73576.7214744038,4.53304213947121,0.576329462173504,1.74880810127575,177.042869832473,259.22604678066
matrix,aw,6.29819771926648,4.57142689316321,4.53304213947121,0.055549208168915,0.00602799630971942,0.00980151856188565,-0.635861565123915,0.103262506765683
matrix,aw,3.88524595837209,-0.0018647259695914,0.576329462173504,0.00602799630971942,0.0360722504545214,0.00343993586054858,0.340732554397216,-0.24506541583792
matrix,aw,5.08008588336944,16.6965219734016,1.74880810127575,0.00980151856188565,0.00343993586054858,0.0495944190914928,-0.0482902921535442,0.508051226589261
matrix,aw,-134.273028673927,42.7667510306265,177.042869832473,-0.635861565123915,0.340732554397216,-0.0482902921535442,26.1280828231402,-4.49669660204568
matrix,aw,86.5486706289138,-505.177671349004,259.22604678066,0.103262506765683,-0.24506541583792,0.508051226589261,-4.49669660204568,33.6289510145922
matrix,ah,18330.9381180235,1712.88438176678,8164.467715865,8.88826001009241,-0.0970590658470286,8.88679876711112,-442.906267260298,356.517914881912
matrix,ah,1712.88438176678,55164.2639850502,18939.8580043576,-3.61557077230767,-3.05787182485651,10.4755347797183,231.652090702306,-397.590719016585
matrix,ah,8164.467715865,18939.8580043576,92263.8272248208,0.509198885875263,-6.00132534163527,-15.2735033885002,181.329728456378,383.77012316341
matrix,ah,8.88826001009241,-3.61557077230767,0.509198885875263,0.0628222379035324,0.0142199234366111,0.0129653506344203,-0.767467221225179,0.128835334603334
matrix,ah,-0.0970590658470286,-3.05787182485651,-6.00132534163527,0.0142199234366111,0.0521393933209229,0.0070146376697221,0.555128801944664,-0.521751279084516
matrix,ah,8.88679876711112,10.4755347797183,-15.2735033885002,0.0129653506344203,0.0070146376697221,0.062517685816987,-0.153789266160502,0.767375045697845
matrix,ah,-442.906267260298,231.652090702306,181.329728456378,-0.767467221225179,0.555128801944664,-0.153789266160502,41.5040780550541,-14.8984397219177
matrix,ah,356.517914881912,-397.590719016585,383.77012316341,0.128835334603334,-0.521751279084516,0.767375045697845,-14.8984397219177,44.7648601668084
matrix,aa,12869.7751335751,8287.087850128,16069.9992580058,6.97763587150752,3.85088519159834,5.63307893444194,-161.113063477953,140.879703374569
matrix,aa,8287.087850128,39016.9202730988,22364.4763462956,-0.301497665756179,3.75891505478997,8.78545230366385,202.265844204632,-482.618100110738
matrix,aa,16069.9992580058,22364.4763462956,131636.963751216,6.4145335502748,-2.9307253511535,2.22517581849679,160.979045524989,909.558554553125
matrix,aa,6.97763587150752,-0.301497665756179,6.4145335502748,0.0466065177890208,0.005475040095108,0.00633286450345404,-0.589869078489198,0.176067793760071
matrix,aa,3.85088519159834,3.75891505478997,-2.9307253511535,0.005475040095108,0.0389982165603539,0.00773466368416822,0.371229048298098,-0.348924040534317
matrix,aa,5.63307893444194,8.78545230366385,2.22517581849679,0.00633286450345404,0.00773466368416822,0.0539755442144941,0.051912498048502,0.667751763228316
matrix,aa,-161.113063477953,202.265844204632,160.979045524989,-0.589869078489198,0.371229048298098,0.051912498048502,24.2464812726034,-8.16683636338774
matrix,aa,140.879703374569,-482.618100110738,909.558554553125,0.176067793760071,-0.348924040534317,0.667751763228316,-8.16683636338774,49.2234009155266
matrix,oy,5130.37148155235,6578.21408201726,5732.4668807405,2.0531396982418,1.58035218298028,3.13339753809913,-74.7923094809568,-32.5991003718188
matrix,oy,6578.21408201726,53358.7593689212,-6957.98539610699,-8.30871049418065,14.535803595345,-1.33682755327074,486.631948688212,-1417.18307439976
matrix,oy,5732.4668807405,-6957.98539610699,83430.8202019919,-0.58380607854786,-8.4675978760029,13.518319721077,-81.5038101497626,1141.80605832173
matrix,oy,2.0531396982418,-8.30871049418065,-0.58380607854786,0.0521632622276326,0.000974244882932661,0.0143776000469436,-0.665874171347392,0.493919886976125
matrix,oy,1.58035218298028,14.535803595345,-8.4675978760029,0.000974244882932661,0.0498694723156396,0.00478648357502466,0.5348356643788,-0.718105420579627
matrix,oy,3.13339753809913,-1.33682755327074,13.518319721077,0.0143776000469436,0.00478648357502466,0.0507865164533796,-0.175292962931252,0.770099701365105
matrix,oy,-74.7923094809568,486.631948688212,-81.5038101497626,-0.665874171347392,0.5348356643788,-0.175292962931252,29.5070972388974,-25.1289899365579
matrix,oy,-32.5991003718188,-1417.18307439976,1141.80605832173,0.493919886976125,-0.718105420579627,0.770099701365105,-25.1289899365579,81.4009088205191
matrix,er,6141.14307026399,2393.52925192566,4276.96480280956,5.53966200301767,2.29107486820896,1.12114516292701,-193.472712566414,47.7490260402531
matrix,er,2393.52925192566,47672.9351178108,37553.1042628763,0.203703874983787,5.2619251065913,8.31551386084867,99.6223021588393,-322.243115502251
matrix,er,4276.96480280956,37553.1042628763,51059.4436561275,1.91507289908744,3.11034459564456,13.5099324079781,275.715158826391,133.363274392491
matrix,er,5.53966200301767,0.203703874983787,1.91507289908744,0.0472094763489347,0.00752439432347315,-0.000553424667094621,-0.652615233196961,-0.0445678842860582
matrix,er,2.29107486820896,5.2619251065913,3.11034459564456,0.00752439432347315,0.043838359490388,0.00667329031712199,0.423382611950763,-0.437911624792859
matrix,er,1.12114516292701,8.31551386084867,13.5099324079781,-0.000553424667094621,0.00667329031712199,0.0447250486695924,0.274741068962149,0.430101902308294
matrix,er,-193.472712566414,99.6223021588393,275.715158826391,-0.652615233196961,0.423382611950763,0.274741068962149,36.2426860866731,-2.07110972078491
matrix,er,47.7490260402531,-322.243115502251,133.363274392491,-0.0445678842860582,-0.437911624792859,0.430101902308294,-2.07110972078491,24.1876025480923
matrix,ao,12147.6996824742,11567.6657925583,13903.7303437413,4.96502942688522,3.87098140369423,4.31760540442001,-125.975923709616,45.0560025871219
matrix,ao,11567.6657925583,34556.0015113868,15438.6470531051,1.05866254312461,9.8168217858802,2.44272294230098,245.837604734244,-624.788051344598
matrix,ao,13903.7303437413,15438.6470531051,98631.5214407753,4.43330872273792,-0.433758429244954,2.11019536151551,2.05205727266613,643.226213325735
matrix,ao,4.96502942688522,1.05866254312461,4.43330872273792,0.0394518564718077,0.000742752053241973,0.0112180354063285,-0.552524812510823,0.280972333110324
matrix,ao,3.87098140369423,9.8168217858802,-0.433758429244954,0.000742752053241973,0.0362119063266317,0.0069039663095416,0.404287485005438,-0.430879902521472
matrix,ao,4.31760540442001,2.44272294230098,2.11019536151551,0.0112180354063285,0.0069039663095416,0.0503726094156742,-0.0984791930106117,0.766061120037168
matrix,ao,-125.975923709616,245.837604734244,2.05205727266613,-0.552524812510823,0.404287485005438,-0.0984791930106117,23.6530638505272,-15.5463986516683
matrix,ao,45.0560025871219,-624.788051344598,643.226213325735,0.280972333110324,-0.430879902521472,0.766061120037168,-15.5463986516683,56.5203511176464
matrix,uh,5127.0706631546,1475.16595439537,10778.0630921434,3.6116266774751,1.27572278015296,3.65729571292132,-127.231697884883,150.757199048536
matrix,uh,1475.16595439537,85457.2868011155,16838.5178826201,-7.43190646447536,3.02684897208157,12.9182735242807,221.05721873404,-856.191704727251
matrix,uh,10778.0630921434,16838.5178826201,91548.8399594588,2.15428866796871,3.91460018903994,10.5137726697675,382.123391513896,669.583175993551
matrix,uh,3.6116266774751,-7.43190646447536,2.15428866796871,0.052013498842836,0.00601251162066617,0.0105509014090414,-0.755537559869954,0.301662319889904
matrix,uh,1.27572278015296,3.02684897208157,3.91460018903994,0.00601251162066617,0.0430754892636508,0.00999687766390409,0.517923852359538,-0.308979477884541
matrix,uh,3.65729571292132,12.9182735242807,10.5137726697675,0.0105509014090414,0.00999687766390409,0.0491220452400347,0.0270846708703539,0.538129702417787
matrix,uh,-127.231697884883,221.05721873404,382.123391513896,-0.755537559869954,0.517923852359538,0.0270846708703539,47.0493701279238,-9.32300227817151
matrix,uh,150.757199048536,-856.191704727251,669.583175993551,0.301662319889904,-0.308979477884541,0.538129702417787,-9.32300227817151,42.6355106917522
