type,phone,F1_0.33,F2_0.33,F3_0.33,B1_0.33,B2_0.33,B3_0.33,A1A2diff_0.33,A2A3diff_0.33
means,aa,703.057536847164,1345.65520666453,2590.66547661006,2.20839971163089,2.22672572092278,2.42040028035886,6.16146682954181,14.6914373037488
means,aan,646.54314516129,1206.18983870968,2530.28096774194,2.3807064516129,2.26455241935484,2.67142096774194,5.66866811594203,19.4215855072464
means,ae,677.084117148735,1818.06884061479,2701.14734479003,2.12305245068377,2.21146887329057,2.42458706281012,8.82774869901973,7.65458382548711
means,aen,541.615239520958,2091.39892215569,2732.08946107784,2.2392502994012,2.27038413173653,2.4974119760479,9.68397379310345,4.17301172413793
means,ah,573.154896768291,1463.68871473432,2662.65442573499,2.12259080434191,2.22193886952007,2.37606505204856,10.8452057414138,11.0178956185248
means,ahn,526.103209169054,1332.4635530086,2461.06140401146,2.32765787965616,2.30689971346705,2.52919656160458,9.09016111111111,12.9999358024691
means,ao,572.970997882851,1034.6767099506,2474.76039661256,2.16003925194072,2.15438382498236,2.38036289343684,6.95536189131969,19.5089160056457
means,aon,565.538723404255,1118.62446808511,2473.49829787234,2.4656,2.38948085106383,2.59591489361702,6.94639,20.10854
means,aw,715.136067662566,1551.56097319859,2594.18770210896,2.18463187609842,2.21697060632689,2.4235000659051,6.78580694200352,10.8776168497364
means,awn,658.979180327869,1535.63213114754,2480.18557377049,2.32192786885246,2.24490655737705,2.56332131147541,6.56079333333333,10.7886066666667
means,ay,708.206379021848,1577.23169144715,2648.19833245685,2.18608767509681,2.21301701964909,2.42517988239231,7.36800403021466,10.4668328297557
means,ayn,656.261111111111,1472.0980952381,2490.17428571429,2.42150158730159,2.25165238095238,2.53239206349206,6.27387931034483,15.5736793103448
means,eh,564.927425827988,1773.78521998425,2669.33542365253,2.06369025918008,2.17049469262218,2.37209219459135,11.219746221072,7.10938332395634
means,ehn,538.968025477707,1772.51308917197,2683.87133757962,2.27017229299363,2.27660159235669,2.47183025477707,11.2179487719298,7.24507052631579
means,er,479.32236048478,1423.74885569335,1887.58823844419,2.00248673196167,2.2517063416009,2.28073026352875,10.677887690248,5.94891644588501
means,ey,508.735463330587,2007.16804479736,2723.70360401528,1.96015001872799,2.15400791819612,2.36905098509252,12.995377811072,4.38647345119485
means,eyn,491.056515151515,1967.28409090909,2582.23515151515,2.27193787878788,2.34775909090909,2.48549242424242,9.25714,4.836664
means,ih,466.124213225815,1870.55533448531,2725.72670863161,1.98366519377931,2.15181893085384,2.32114584876162,14.7067957596204,5.17732848953619
means,ihn,460.465669291339,1835.99118110236,2648.83587926509,2.18015065616798,2.2518031496063,2.4396062992126,14.0424610465116,5.29958255813953
means,iy,397.131270543375,2173.34778379409,2756.35156911344,1.90704244041945,2.17667403622498,2.37607023450906,16.4549522974261,2.67504449952336
means,iyn,424.200173913043,2153.77895652174,2699.01208695652,2.18135130434783,2.32605304347826,2.5337652173913,14.0176835616438,2.3240698630137
means,ow,561.978230793957,1370.00798199936,2622.25236644166,2.11483157184185,2.20962834458374,2.3849743812279,10.3188770556091,12.7673105753777
means,own,578.448619528619,1277.58218855219,2549.15457912458,2.29809292929293,2.28260858585859,2.57767138047138,8.91733957597173,15.7222065371025
means,oy,503.825847107438,1046.50989669421,2545.7997107438,2.10309111570248,2.12459173553719,2.39334256198347,9.70316029723991,18.2761390658174
means,oyn,559.174444444444,1163.10703703704,2586.64296296296,2.47347037037037,2.42131111111111,2.75364814814815,0.8164,29.146225
means,uh,463.574123862636,1454.81803052539,2572.03306427942,1.93706011153507,2.19207810390373,2.29351567361315,15.3012432638685,9.10606240093924
means,uw,391.52359708063,1706.38508456905,2555.96482043559,1.84967100324374,2.21351490963855,2.28064643188137,17.6795660101946,5.32175406626506
matrix,ah,15712.8959136058,5035.38271542293,17612.3406100373,4.42162442334969,1.770543723982,5.78987505877781,-321.467407788018,222.992937052414
matrix,ah,5035.38271542293,65610.3677195636,32887.2673604582,-8.02592458429332,-3.55994453079873,3.35654444932015,229.355518713576,-689.586583192244
matrix,ah,17612.3406100373,32887.2673604582,125134.098299514,9.92786214843309,-2.51375478191621,8.74099897810034,-128.505339903681,441.998715260478
matrix,ah,4.42162442334969,-8.02592458429332,9.92786214843309,0.0662711062407926,0.0093620169436619,0.0199552144167662,-0.763917899517946,0.397839578479811
matrix,ah,1.770543723982,-3.55994453079873,-2.51375478191621,0.0093620169436619,0.0353347932233103,0.0104318644984961,0.28157633558119,-0.165397861438661
matrix,ah,5.78987505877781,3.35654444932015,8.74099897810034,0.0199552144167662,0.0104318644984961,0.046273369896755,-0.185911380601481,0.570567275969715
matrix,ah,-321.467407788018,229.355518713576,-128.505339903681,-0.763917899517946,0.28157633558119,-0.185911380601481,39.8856212543343,-16.0474428414899
matrix,ah,222.992937052414,-689.586583192244,441.998715260478,0.397839578479811,-0.165397861438661,0.570567275969715,-16.0474428414899,43.0918068231345
matrix,iy,5522.79371238047,1132.56558967526,5630.96835214754,4.85441317189922,2.32553997430266,1.81031932599093,-103.306105109501,42.0542939475776
matrix,iy,1132.56558967526,107090.780597651,88101.6019810935,2.93219149152064,9.11096927787467,25.435521121226,198.958876454299,-41.5656966214799
matrix,iy,5630.96835214754,88101.6019810935,119660.980996382,6.57550316689204,2.99182118065167,23.556475872897,394.668007876295,196.057592896768
matrix,iy,4.85441317189922,2.93219149152064,6.57550316689204,0.0571923033413596,0.0110723312308451,0.00812512871449784,-0.560815399922096,0.00496475312698408
matrix,iy,2.32553997430266,9.11096927787467,2.99182118065167,0.0110723312308451,0.0346875453421013,-0.00198635313900712,0.294806527194147,-0.356179857132027
matrix,iy,1.81031932599093,25.435521121226,23.556475872897,0.00812512871449784,-0.00198635313900712,0.0384634078594058,-0.102836968218679,0.409668873102743
matrix,iy,-103.306105109501,198.958876454299,394.668007876295,-0.560815399922096,0.294806527194147,-0.102836968218679,56.404038205322,-8.61587604378741
matrix,iy,42.0542939475776,-41.5656966214799,196.057592896768,0.00496475312698408,-0.356179857132027,0.409668873102743,-8.61587604378741,23.0787724877673
matrix,ow,10990.8061722458,13770.4327708734,15422.5862405635,2.01231079624901,2.74270336016735,5.5257708777788,-135.871432480611,-8.3435009360271
matrix,ow,13770.4327708734,97399.0264869329,31693.0656176149,-4.05169369923877,1.30720677714649,6.52531312214393,240.670388008344,-1404.79076833175
matrix,ow,15422.5862405635,31693.0656176149,106619.598206776,10.6422466018285,0.323867982360543,13.5430577821157,-102.055535737265,346.227368907208
matrix,ow,2.01231079624901,-4.05169369923877,10.6422466018285,0.067348672650448,0.00612911796708081,0.0237497834962954,-0.758489144541726,0.473524373240095
matrix,ow,2.74270336016735,1.30720677714649,0.323867982360543,0.00612911796708081,0.035577648246938,0.011407148468903,0.328669210217062,-0.258729768843557
matrix,ow,5.5257708777788,6.52531312214393,13.5430577821157,0.0237497834962954,0.011407148468903,0.0493406691912639,-0.189343991694313,0.558571985886221
matrix,ow,-135.871432480611,240.670388008344,-102.055535737265,-0.758489144541726,0.328669210217062,-0.189343991694313,36.7337612895333,-17.8335573344667
matrix,ow,-8.3435009360271,-1404.79076833175,346.227368907208,0.473524373240095,-0.258729768843557,0.558571985886221,-17.8335573344667,57.9391208874277
matrix,eh,10974.6669607815,5643.28858650216,14210.1124895771,1.85409045489451,2.58707263870047,3.85182465417535,-173.366684274375,125.068732014761
matrix,eh,5643.28858650216,63856.3607840373,47386.8157701647,1.59673854435971,2.9742216626267,10.165056260213,37.866726705867,-316.818396047494
matrix,eh,14210.1124895771,47386.8157701647,106113.151763209,8.76147213587856,-3.34796787230132,5.94231441041493,-4.27998138047888,211.480208683134
matrix,eh,1.85409045489451,1.59673854435971,8.76147213587856,0.0631332334846327,0.00958112395055041,0.0116979904393449,-0.58632445092072,0.121276038326303
matrix,eh,2.58707263870047,2.9742216626267,-3.34796787230132,0.00958112395055041,0.0351595229962118,0.00718966496119785,0.306241390179305,-0.255764937856701
matrix,eh,3.85182465417535,10.165056260213,5.94231441041493,0.0116979904393449,0.00718966496119785,0.0368061160167177,-0.0898316765912001,0.356130106597889
matrix,eh,-173.366684274375,37.866726705867,-4.27998138047888,-0.58632445092072,0.306241390179305,-0.0898316765912001,39.8314184012863,-8.77496516908402
matrix,eh,125.068732014761,-316.818396047494,211.480208683134,0.121276038326303,-0.255764937856701,0.356130106597889,-8.77496516908402,26.8785587220325
matrix,aa,14963.0129864422,9317.88707068853,25405.9055174482,3.44690536731015,3.43951751269073,4.31975519167035,-195.534572529359,157.480022554601
matrix,aa,9317.88707068853,49673.3391469011,26551.4487978467,-1.02966769208171,7.1558005558071,7.81900110860984,148.310747457028,-663.788157955199
matrix,aa,25405.9055174482,26551.4487978467,179854.833783727,20.4971643312277,-6.21580107798922,13.4047526853987,-271.227748311474,907.868168102022
matrix,aa,3.44690536731015,-1.02966769208171,20.4971643312277,0.0582408423278829,0.00224411000982098,0.0104469011592573,-0.578524504825716,0.326099620804638
matrix,aa,3.43951751269073,7.1558005558071,-6.21580107798922,0.00224411000982098,0.031789773097093,0.00791524857165559,0.31559187348322,-0.343132138966453
matrix,aa,4.31975519167035,7.81900110860984,13.4047526853987,0.0104469011592573,0.00791524857165559,0.0422577659896674,-0.00277971798957811,0.439012327785744
matrix,aa,-195.534572529359,148.310747457028,-271.227748311474,-0.578524504825716,0.31559187348322,-0.00277971798957811,26.0891849291416,-13.7344557701051
matrix,aa,157.480022554601,-663.788157955199,907.868168102022,0.326099620804638,-0.343132138966453,0.439012327785744,-13.7344557701051,46.5541660281517
matrix,ay,18296.5284542813,2144.53970966295,18581.2842652611,6.95429801527595,4.49589392092504,7.42775528472425,-335.45893533729,291.248242614435
matrix,ay,2144.53970966295,55763.3194242186,35023.605218316,-1.17505585068583,1.31551114920849,5.34482079019702,207.244368359123,-576.077893985108
matrix,ay,18581.2842652611,35023.605218316,124308.054766831,13.6088704114605,-4.20151282799554,6.14161383105268,-92.6722546981462,319.22753712369
matrix,ay,6.95429801527595,-1.17505585068583,13.6088704114605,0.062426396453559,0.00609161916273023,0.013317247040241,-0.677207064670635,0.31642082132786
matrix,ay,4.49589392092504,1.31551114920849,-4.20151282799554,0.00609161916273023,0.0308294273532705,0.00771600681831461,0.208255142050834,-0.156347125276697
matrix,ay,7.42775528472425,5.34482079019702,6.14161383105268,0.013317247040241,0.00771600681831461,0.038904297659902,-0.160002623024196,0.506323998815489
matrix,ay,-335.45893533729,207.244368359123,-92.6722546981462,-0.677207064670635,0.208255142050834,-0.160002623024196,33.4827054525057,-14.3867579910727
matrix,ay,291.248242614435,-576.077893985108,319.22753712369,0.31642082132786,-0.156347125276697,0.506323998815489,-14.3867579910727,37.2665237416124
matrix,ae,19012.2018415897,-111.434759910162,13475.2505800581,2.64374911535585,6.2752040719432,7.64381905248087,-228.223893211103,252.486367524388
matrix,ae,-111.434759910162,60029.8513666436,43608.0164233238,7.4680974442938,7.65832452687517,10.4567797483887,134.664140675889,-342.835290980751
matrix,ae,13475.2505800581,43608.0164233238,83481.9893334396,9.9352038335574,4.41702999474493,10.0022089506394,67.5641903985424,133.277767190999
matrix,ae,2.64374911535585,7.4680974442938,9.9352038335574,0.0622026206399847,0.00729027283513656,0.00693401656060249,-0.538716694608309,0.0105477897052991
matrix,ae,6.2752040719432,7.65832452687517,4.41702999474493,0.00729027283513656,0.0362779843163946,0.00780002360151949,0.292236332371605,-0.258215589777923
matrix,ae,7.64381905248087,10.4567797483887,10.0022089506394,0.00693401656060249,0.00780002360151949,0.0371425658150698,-0.0826016408186475,0.382519677544441
matrix,ae,-228.223893211103,134.664140675889,67.5641903985424,-0.538716694608309,0.292236332371605,-0.0826016408186475,34.0753476134903,-8.84329617806068
matrix,ae,252.486367524388,-342.835290980751,133.277767190999,0.0105477897052991,-0.258215589777923,0.382519677544441,-8.84329617806068,25.6015995749414
matrix,uh,5636.65225841448,2840.5268987584,10129.6916875358,2.12917113430209,2.23242360177339,3.10538347615553,-112.243631287098,81.1153388112938
matrix,uh,2840.5268987584,104294.903958216,27112.0347008988,-13.8761084088819,9.44610158340493,5.69693792811801,484.50015706057,-1389.03123829956
matrix,uh,10129.6916875358,27112.0347008988,82576.9879459216,4.13074888738566,1.32696774621117,6.59017181836978,28.1689313406709,202.286443786123
matrix,uh,2.12917113430209,-13.8761084088819,4.13074888738566,0.0511208752170163,0.00720480166304184,0.0156519329741762,-0.664710971130487,0.437158760008892
matrix,uh,2.23242360177339,9.44610158340493,1.32696774621117,0.00720480166304184,0.0424411792033327,0.0120892432205671,0.402003410621693,-0.402915813879886
matrix,uh,3.10538347615553,5.69693792811801,6.59017181836978,0.0156519329741762,0.0120892432205671,0.04596388708251,-0.0963413079448886,0.448447837380443
matrix,uh,-112.243631287098,484.50015706057,28.1689313406709,-0.664710971130487,0.402003410621693,-0.0963413079448886,46.1800602905939,-18.6673908085666
matrix,uh,81.1153388112938,-1389.03123829956,202.286443786123,0.437158760008892,-0.402915813879886,0.448447837380443,-18.6673908085666,50.626267293075
matrix,own,11338.451129929,9896.47452115951,22510.9368657926,-1.90374961129491,2.78573599858032,2.96300370690766,-93.9239574335345,140.117327785722
matrix,own,9896.47452115951,73221.8584462579,51042.8424625636,-19.5590026222208,-8.01693300158854,-11.8223740981769,469.971302337059,-1065.64244292228
matrix,own,22510.9368657926,51042.8424625636,127665.916731504,-11.1697505671691,-2.32731368326402,-9.19193376213765,155.338534330273,58.7953819574065
matrix,own,-1.90374961129491,-19.5590026222208,-11.1697505671691,0.0547091962852184,0.00978243560596016,0.012011929894118,-0.624337756405641,0.401306624112042
matrix,own,2.78573599858032,-8.01693300158854,-2.32731368326402,0.00978243560596016,0.0468635479273586,0.00601447746558679,0.425400900674443,-0.195042928382908
matrix,own,2.96300370690766,-11.8223740981769,-9.19193376213765,0.012011929894118,0.00601447746558679,0.0495560754854123,-0.120152434621971,0.743879453796679
matrix,own,-93.9239574335345,469.971302337059,155.338534330273,-0.624337756405641,0.425400900674443,-0.120152434621971,34.1840738585018,-21.3650450321884
matrix,own,140.117327785722,-1065.64244292228,58.7953819574065,0.401306624112042,-0.195042928382908,0.743879453796679,-21.3650450321884,55.4822399047183
matrix,ih,6724.66056684696,4290.26597959487,10612.9196144135,3.34640960580897,2.02474831216829,2.88626372640221,-130.473332300336,76.5954073266148
matrix,ih,4290.26597959487,88868.2775892094,58686.9878345998,-0.543053249644471,5.67572935624933,12.99760396881,97.5490352489361,-430.789582043253
matrix,ih,10612.9196144135,58686.9878345998,101740.023444803,4.42948974722293,0.029140344004127,7.89893882766063,137.914273835788,116.765231070759
matrix,ih,3.34640960580897,-0.543053249644471,4.42948974722293,0.0617206972930744,0.013481430064547,0.0135682998719644,-0.605365561022301,0.090587076366318
matrix,ih,2.02474831216829,5.67572935624933,0.029140344004127,0.013481430064547,0.0391712376996523,0.00927311984791225,0.320472421361202,-0.295364235977933
matrix,ih,2.88626372640221,12.99760396881,7.89893882766063,0.0135682998719644,0.00927311984791225,0.0388825443726812,-0.10001003450441,0.34125521734261
matrix,ih,-130.473332300336,97.5490352489361,137.914273835788,-0.605365561022301,0.320472421361202,-0.10001003450441,48.0182189845917,-9.40617446088418
matrix,ih,76.5954073266148,-430.789582043253,116.765231070759,0.090587076366318,-0.295364235977933,0.34125521734261,-9.40617446088418,28.3754452635629
matrix,er,6516.03109668972,4179.62945887776,5853.49680372857,3.41798612222389,3.02856344412348,1.84654889078795,-120.197874711199,34.3622759630796
matrix,er,4179.62945887776,62851.2922508785,52566.3796618838,-5.09178236773116,-2.6678798444093,19.8867000626087,126.52573303073,-342.107983737645
matrix,er,5853.49680372857,52566.3796618838,87118.6366466043,-0.19284893578331,-6.0247659190656,28.6056906727213,406.114368916162,210.561724397586
matrix,er,3.41798612222389,-5.09178236773116,-0.19284893578331,0.0497598017047163,0.0150619570801299,0.00504448947985501,-0.459012090854621,0.0304623053137031
matrix,er,3.02856344412348,-2.6678798444093,-6.0247659190656,0.0150619570801299,0.042800177754158,-0.00243367790456751,0.235688624215198,-0.409767861164127
matrix,er,1.84654889078795,19.8867000626087,28.6056906727213,0.00504448947985501,-0.00243367790456751,0.0495107575570301,0.170881093672542,0.394846913981149
matrix,er,-120.197874711199,126.52573303073,406.114368916162,-0.459012090854621,0.235688624215198,0.170881093672542,39.071249749303,-3.86253720590987
matrix,er,34.3622759630796,-342.107983737645,210.561724397586,0.0304623053137031,-0.409767861164127,0.394846913981149,-3.86253720590987,25.4198554301516
matrix,aan,12503.1041542199,12230.8774436061,31809.7565424552,-0.518879383631711,6.93957371930947,6.47725030498721,-186.354058324169,98.2554530358056
matrix,aan,12230.8774436061,40050.1719545183,38061.5523548806,-5.10446167988065,16.2242937122762,2.58055914663256,110.913844125746,-615.172684380009
matrix,aan,31809.7565424552,38061.5523548806,168512.458962063,-15.8430335061807,1.81664113107418,-19.0935283812873,-370.315413990835,262.051585427963
matrix,aan,-0.518879383631711,-5.10446167988065,-15.8430335061807,0.0324342117561807,0.00398536391304347,0.0206664386018755,-0.494896762112106,0.355707812836744
matrix,aan,6.93957371930947,16.2242937122762,1.81664113107418,0.00398536391304347,0.0375658033248082,0.0105386324744245,0.216093273721228,-0.426582633535806
matrix,aan,6.47725030498721,2.58055914663256,-19.0935283812873,0.0206664386018755,0.0105386324744245,0.053474271884058,-0.418281272708866,0.603319987431799
matrix,aan,-186.354058324169,110.913844125746,-370.315413990835,-0.494896762112106,0.216093273721228,-0.418281272708866,25.5596078742626,-20.4552680494395
matrix,aan,98.2554530358056,-615.172684380009,262.051585427963,0.355707812836744,-0.426582633535806,0.603319987431799,-20.4552680494395,47.2873615659633
matrix,ey,6972.81433143986,5414.68389594643,10672.7383547767,3.73715254106489,3.42886579955993,4.16198214913524,-102.829545455406,70.6070316355412
matrix,ey,5414.68389594643,79484.2178108907,64192.5601091897,5.1595075063297,16.5434367022524,22.9473185128642,65.8333897466938,-96.4409559780434
matrix,ey,10672.7383547767,64192.5601091897,90299.9729323128,7.52223110380574,8.22427478529035,16.7449695505774,114.929203003035,104.066264578908
matrix,ey,3.73715254106489,5.1595075063297,7.52223110380574,0.0601632319053413,0.0102130930306428,0.00799975503275799,-0.577918774978607,0.053864096059832
matrix,ey,3.42886579955993,16.5434367022524,8.22427478529035,0.0102130930306428,0.0343180242488048,0.00852910114405722,0.271800532755122,-0.266428272934806
matrix,ey,4.16198214913524,22.9473185128642,16.7449695505774,0.00799975503275799,0.00852910114405722,0.0355496407925941,-0.0844025283089763,0.30023435493026
matrix,ey,-102.829545455406,65.8333897466938,114.929203003035,-0.577918774978607,0.271800532755122,-0.0844025283089763,45.96965340281,-7.33484658240064
matrix,ey,70.6070316355412,-96.4409559780434,104.066264578908,0.053864096059832,-0.266428272934806,0.30023435493026,-7.33484658240064,19.7163830429091
matrix,uw,4338.32511857382,-1035.29559822452,6891.50699069928,3.63090034820406,1.33225527795803,2.10652400339359,-92.9626886690553,116.901961513063
matrix,uw,-1035.29559822452,173387.765980783,39403.9358046149,-16.7751361098751,-1.98654618542278,4.99907561940734,324.544176941468,-1853.47544001483
matrix,uw,6891.50699069928,39403.9358046149,73732.956058107,5.66413257589561,2.02866620085853,10.7179640298887,44.3138276712218,262.283713224806
matrix,uw,3.63090034820406,-16.7751361098751,5.66413257589561,0.0526340537309827,0.00952808807112531,0.0146533512897578,-0.661477330364691,0.390118319670118
matrix,uw,1.33225527795803,-1.98654618542278,2.02866620085853,0.00952808807112531,0.0429975224575518,0.00668691023105282,0.419587994152994,-0.332846421254586
matrix,uw,2.10652400339359,4.99907561940734,10.7179640298887,0.0146533512897578,0.00668691023105282,0.0402784577001624,-0.135401048254766,0.458062086049153
matrix,uw,-92.9626886690553,324.544176941468,44.3138276712218,-0.661477330364691,0.419587994152994,-0.135401048254766,59.3990592271518,-17.609239006211
matrix,uw,116.901961513063,-1853.47544001483,262.283713224806,0.390118319670118,-0.332846421254586,0.458062086049153,-17.609239006211,53.3307659570244
matrix,ihn,8747.36055781409,10330.8216715303,15913.6589925215,1.79415122828666,-1.41382733744661,2.51463970038647,-178.518956002034,48.8148669231134
matrix,ihn,10330.8216715303,105793.000878375,76991.7680526459,-13.336306700878,-0.43769511116008,9.10377822560851,279.322223617635,-599.659820011119
matrix,ihn,15913.6589925215,76991.7680526459,123768.246983076,-10.4958557741288,-7.99654855066445,7.70260213450064,355.054691036731,-35.9376179396909
matrix,ihn,1.79415122828666,-13.336306700878,-10.4958557741288,0.0343549959745576,0.00729799224506747,0.00100474908112414,-0.434478462928504,0.0490296231232626
matrix,ihn,-1.41382733744661,-0.43769511116008,-7.99654855066445,0.00729799224506747,0.0560309983276832,0.00935068326767916,0.738236198914164,-0.382628314954234
matrix,ihn,2.51463970038647,9.10377822560851,7.70260213450064,0.00100474908112414,0.00935068326767916,0.0474588312465252,0.217254793549054,0.41909225562072
matrix,ihn,-178.518956002034,279.322223617635,355.054691036731,-0.434478462928504,0.738236198914164,0.217254793549054,47.997824169382,-8.62836624108957
matrix,ihn,48.8148669231134,-599.659820011119,-35.9376179396909,0.0490296231232626,-0.382628314954234,0.41909225562072,-8.62836624108957,30.0900261173042
matrix,ao,16932.2070051729,17357.031832702,22062.602668153,-1.05020563135393,4.72063723240505,0.275065424667335,-146.248156481024,-118.389734087544
matrix,ao,17357.031832702,45842.252924366,22231.9237714349,-3.13319204814191,12.1671351644495,-0.516162403720213,178.804510027483,-921.369618415571
matrix,ao,22062.602668153,22231.9237714349,128192.739327553,3.15335456983372,-3.98885371902149,0.929718840805964,-224.429709291631,394.909032976288
matrix,ao,-1.05020563135393,-3.13319204814191,3.15335456983372,0.0597478113063291,0.00141488068863247,0.0185527944451348,-0.67739006313269,0.356423245845402
matrix,ao,4.72063723240505,12.1671351644495,-3.98885371902149,0.00141488068863247,0.0403566068134307,0.00826000227238677,0.400311040696322,-0.581424287458463
matrix,ao,0.275065424667335,-0.516162403720213,0.929718840805964,0.0185527944451348,0.00826000227238677,0.0551759766480356,-0.121689165013943,0.591903648482197
matrix,ao,-146.248156481024,178.804510027483,-224.429709291631,-0.67739006313269,0.400311040696322,-0.121689165013943,28.3000829838637,-17.7714853595706
matrix,ao,-118.389734087544,-921.369618415571,394.909032976288,0.356423245845402,-0.581424287458463,0.591903648482197,-17.7714853595706,58.2990863326066
matrix,ahn,10790.3231184985,5530.28469625903,15388.2868591847,-1.35015466357069,-0.285506272961817,4.05781540221878,-209.856500301858,187.437208127967
matrix,ahn,5530.28469625903,90689.037929858,58459.1695109983,-22.6750570726216,-8.37413869122425,-0.0743318695199322,602.415368967148,-1124.32242778508
matrix,ahn,15388.2868591847,58459.1695109983,134381.324458315,-24.2084157000726,-14.9361752665596,0.931693115258191,353.162708101823,43.7391871148187
matrix,ahn,-1.35015466357069,-22.6750570726216,-24.2084157000726,0.0392939271604938,0.00972435185223407,-0.00101430374536559,-0.538586392893017,0.251313778232236
matrix,ahn,-0.285506272961817,-8.37413869122425,-14.9361752665596,0.00972435185223407,0.0477120897851928,-0.00862017721610672,0.522539312614379,-0.421570771259412
matrix,ahn,4.05781540221878,-0.0743318695199322,0.931693115258191,-0.00101430374536559,-0.00862017721610672,0.0531965590218056,-0.122752537222222,0.673869957782747
matrix,ahn,-209.856500301858,602.415368967148,353.162708101823,-0.538586392893017,0.522539312614379,-0.122752537222222,46.1599142060991,-21.8389851483557
matrix,ahn,187.437208127967,-1124.32242778508,43.7391871148187,0.251313778232236,-0.421570771259412,0.673869957782747,-21.8389851483557,52.3389811948133
matrix,ehn,11326.6175076674,9120.77517167037,19011.6165835495,0.695200606375092,-2.60379088696565,4.06439688167778,-202.706860814208,130.837059039993
matrix,ehn,9120.77517167037,79999.4981902767,70573.892444743,0.0267503030022195,-0.704112411354091,12.351247456511,66.1963664665185,-372.849195116938
matrix,ehn,19011.6165835495,70573.892444743,123174.893278045,-0.482941317828023,-16.8204855383,9.2856261364591,7.44629381881653,181.801033303002
matrix,ehn,0.695200606375092,0.0267503030022195,-0.482941317828023,0.0353466853187546,0.00386194168458117,0.00513465293365456,-0.355689538022609,-0.0242546412398073
matrix,ehn,-2.60379088696565,-0.704112411354091,-16.8204855383,0.00386194168458117,0.0412919011410922,0.00488676963330863,0.478223940495058,-0.398857884280578
matrix,ehn,4.06439688167778,12.351247456511,9.2856261364591,0.00513465293365456,0.00488676963330863,0.0469471787897208,-0.0715154636380034,0.476649082969607
matrix,ehn,-202.706860814208,66.1963664665185,7.44629381881653,-0.355689538022609,0.478223940495058,-0.0715154636380034,36.2695765241974,-8.47561289035322
matrix,ehn,130.837059039993,-372.849195116938,181.801033303002,-0.0242546412398073,-0.398857884280578,0.476649082969607,-8.47561289035322,30.7688539962409
matrix,aen,13004.5657568357,1024.18496709939,13057.3867730247,4.43594709896194,-0.745772047846319,6.37994041064312,-233.138803530175,204.648012718244
matrix,aen,1024.18496709939,91447.7723771018,72567.6131220893,-16.7763825089965,-4.70766401646582,3.86199245393151,198.430963458585,-235.226708384632
matrix,aen,13057.3867730247,72567.6131220893,105136.253924163,-5.88659651799308,-6.15927197792626,3.10124628168477,278.949036858943,143.647424479513
matrix,aen,4.43594709896194,-16.7763825089965,-5.88659651799308,0.0503300361280277,0.00100328432525952,0.0111927139584775,-0.621311789121107,0.201690385757786
matrix,aen,-0.745772047846319,-4.70766401646582,-6.15927197792626,0.00100328432525952,0.0329207840973631,0.00378550753847989,0.420664047242572,-0.353238036352464
matrix,aen,6.37994041064312,3.86199245393151,3.10124628168477,0.0111927139584775,0.00378550753847989,0.0341655535979,-0.259286439290777,0.408062805621525
matrix,aen,-233.138803530175,198.430963458585,278.949036858943,-0.621311789121107,0.420664047242572,-0.259286439290777,47.5715746482382,-12.8389085282384
matrix,aen,204.648012718244,-235.226708384632,143.647424479513,0.201690385757786,-0.353238036352464,0.408062805621525,-12.8389085282384,23.6028202067133
matrix,oy,4721.98825485929,6821.66991489136,5872.26132890545,1.39810031364232,2.9348556446673,3.78498124149162,-34.5922400284772,-62.6656325345124
matrix,oy,6821.66991489136,52217.3816632669,892.376671408955,-0.815177830121516,17.848240619176,7.00340448226499,456.547190645607,-1209.91059225154
matrix,oy,5872.26132890545,892.376671408955,94751.1604118426,-9.11518749092922,-12.0070181285676,7.56398865156977,71.4213045891901,625.379378758594
matrix,oy,1.39810031364232,-0.815177830121516,-9.11518749092922,0.0611660963169355,0.0093135922618241,0.021815783289696,-0.630234876827393,0.250645174934725
matrix,oy,2.9348556446673,17.848240619176,-12.0070181285676,0.0093135922618241,0.0528022704342052,0.00906732362976013,0.426812463814067,-0.843147701181596
matrix,oy,3.78498124149162,7.00340448226499,7.56398865156977,0.021815783289696,0.00906732362976013,0.0542387213666712,-0.142343067756245,0.373327162689841
matrix,oy,-34.5922400284772,456.547190645607,71.4213045891901,-0.630234876827393,0.426812463814067,-0.142343067756245,37.2132450789097,-25.1086212376584
matrix,oy,-62.6656325345124,-1209.91059225154,625.379378758594,0.250645174934725,-0.843147701181596,0.373327162689841,-25.1086212376584,65.6170284748961
matrix,aw,15172.5344257111,6842.88987535053,19045.7979989382,5.37504406648696,5.62991828188382,6.20927936589314,-186.967618806578,195.706543756891
matrix,aw,6842.88987535053,45359.8668033374,34470.9493460513,8.2803830852096,2.30433615254097,10.0530071471562,-9.42535169056319,-355.561152382915
matrix,aw,19045.7979989382,34470.9493460513,100031.663249344,14.0257382169686,3.43935229587831,13.0359346665984,-61.8497643237501,265.054203819655
matrix,aw,5.37504406648696,8.2803830852096,14.0257382169686,0.0611325648527309,0.00469339903428301,0.0129064355593138,-0.593230260783846,0.213021941983103
matrix,aw,5.62991828188382,2.30433615254097,3.43935229587831,0.00469339903428301,0.030192999733493,0.00618726483823733,0.265932630254634,-0.118168392917052
matrix,aw,6.20927936589314,10.0530071471562,13.0359346665984,0.0129064355593138,0.00618726483823733,0.0430538777345595,-0.0738135389787042,0.498361299062831
matrix,aw,-186.967618806578,-9.42535169056319,-61.8497643237501,-0.593230260783846,0.265932630254634,-0.0738135389787042,27.3134722198156,-8.35265807733959
matrix,aw,195.706543756891,-355.561152382915,265.054203819655,0.213021941983103,-0.118168392917052,0.498361299062831,-8.35265807733959,31.8568521582548
matrix,eyn,3433.75374566667,3085.80479666667,4460.199449,-2.40762707666667,3.81581603,1.28673117166667,66.7599421833334,-28.04889289
matrix,eyn,3085.80479666667,31721.6159833333,22928.4961925,-10.592438575,6.7204051,-4.59802473333333,314.688481041667,-291.107050258333
matrix,eyn,4460.199449,22928.4961925,48179.3479773333,-7.828246085,2.78195588833333,-2.52026376166667,550.384258225,248.292117868333
matrix,eyn,-2.40762707666667,-10.592438575,-7.828246085,0.0127396664,0.00470765046666667,0.0104962518833333,0.0854219609999999,0.268578916016667
matrix,eyn,3.81581603,6.7204051,2.78195588833333,0.00470765046666667,0.0375232904333333,0.0133286374333333,0.66781542325,-0.1920572998
matrix,eyn,1.28673117166667,-4.59802473333333,-2.52026376166667,0.0104962518833333,0.0133286374333333,0.0251963527666667,0.356303862416667,0.371660773783333
matrix,eyn,66.7599421833334,314.688481041667,550.384258225,0.0854219609999999,0.66781542325,0.356303862416667,26.2622278816667,2.85609284775
matrix,eyn,-28.04889289,-291.107050258333,248.292117868333,0.268578916016667,-0.1920572998,0.371660773783333,2.85609284775,20.9866220657333
matrix,iyn,4043.47153611111,-1108.75707638889,2957.11064861111,-0.315755680555556,-2.56981663888889,-3.26138175,-155.71534425,53.7403644305556
matrix,iyn,-1108.75707638889,73046.2427092846,64497.8956848744,-2.93436843512177,3.37614382401065,14.1648460460426,128.057064071347,-252.458210917808
matrix,iyn,2957.11064861111,64497.8956848744,89583.473803691,3.10322818093607,0.444869207952817,16.0026237207001,140.789025178082,41.8292770487062
matrix,iyn,-0.315755680555556,-2.93436843512177,3.10322818093607,0.0447766116552511,0.0096077852891933,-0.00136070884322678,-0.385358235342466,0.0447839965943683
matrix,iyn,-2.56981663888889,3.37614382401065,0.444869207952817,0.0096077852891933,0.0326344488774734,-0.00502371490677321,0.459794124370243,-0.35224522756659
matrix,iyn,-3.26138175,14.1648460460426,16.0026237207001,-0.00136070884322678,-0.00502371490677321,0.0482026223173516,0.239972075258752,0.43402728195586
matrix,iyn,-155.71534425,128.057064071347,140.789025178082,-0.385358235342466,0.459794124370243,0.239972075258752,45.4656059480594,-7.03632512425228
matrix,iyn,53.7403644305556,-252.458210917808,41.8292770487062,0.0447839965943683,-0.35224522756659,0.43402728195586,-7.03632512425228,19.5260002213014
matrix,ayn,15488.53101133,4480.70318608374,35661.0605262315,9.61649877955664,1.61665320566502,4.20748039285714,-405.353563631773,343.529180439655
matrix,ayn,4480.70318608374,27220.7293352217,35291.3543114532,1.27773171059113,9.35704927339901,-3.1015465,262.694220699507,-417.663972514778
matrix,ayn,35661.0605262315,35291.3543114532,136902.051902463,36.720868273399,12.6941425541872,13.21660875,-670.592019477833,575.81821937931
matrix,ayn,9.61649877955664,1.27773171059113,36.720868273399,0.0336056254187192,0.00424545794334976,0.0172110642857143,-0.54505152796798,0.516976995603448
matrix,ayn,1.61665320566502,9.35704927339901,12.6941425541872,0.00424545794334976,0.0147515686206896,-0.00148554857142857,0.185774110344827,-0.246834583226601
matrix,ayn,4.20748039285714,-3.1015465,13.21660875,0.0172110642857143,-0.00148554857142857,0.0499309592857143,-0.4172464825,0.799421521428571
matrix,ayn,-405.353563631773,262.694220699507,-670.592019477833,-0.54505152796798,0.185774110344827,-0.4172464825,36.6754741238424,-26.6334325150862
matrix,ayn,343.529180439655,-417.663972514778,575.81821937931,0.516976995603448,-0.246834583226601,0.799421521428571,-26.6334325150862,40.1470596116995
matrix,aon,7588.53057131579,2852.44284842105,4126.52900210526,2.57851374736842,3.84677295263158,3.56001437368421,-110.479101984211,259.456940831579
matrix,aon,2852.44284842105,37116.2827831579,21754.2313715789,-2.44171690526317,26.0399451789474,-2.11020703157895,523.422472063158,-965.468246778947
matrix,aon,4126.52900210526,21754.2313715789,57564.9727431579,13.3784726105263,6.50610820000001,20.3980937263158,-128.296686821053,364.368590968421
matrix,aon,2.57851374736842,-2.44171690526317,13.3784726105263,0.0293449341052631,-0.0118476713684211,0.00700575231578948,-0.533192825684211,0.41094292431579
matrix,aon,3.84677295263158,26.0399451789474,6.50610820000001,-0.0118476713684211,0.0480626548421053,-0.0089966414736842,0.832479284526316,-0.886756551263158
matrix,aon,3.56001437368421,-2.11020703157895,20.3980937263158,0.00700575231578948,-0.0089966414736842,0.0432374664210526,-0.333134784947369,0.853897313473684
matrix,aon,-110.479101984211,523.422472063158,-128.296686821053,-0.533192825684211,0.832479284526316,-0.333134784947369,31.5292324641053,-34.8476642206316
matrix,aon,259.456940831579,-965.468246778947,364.368590968421,0.41094292431579,-0.886756551263158,0.853897313473684,-34.8476642206316,75.3651167046316
matrix,awn,5884.19756367816,-1610.15308873563,9130.95122367816,4.95073823678161,1.02356115402298,4.02239371724138,-137.559712388506,30.5823073195402
matrix,awn,-1610.15308873563,41805.8693857471,5775.26040022989,-8.41130896321839,3.49104331954023,-4.11178394482758,54.2221387977011,-683.229217383908
matrix,awn,9130.95122367816,5775.26040022989,89845.9151429885,9.30499505057473,-11.8898969701149,-7.8894484413793,66.1416240321841,386.068806933333
matrix,awn,4.95073823678161,-8.41130896321839,9.30499505057473,0.0187597237816092,0.0008871070229885,0.0151696950689655,-0.131915415195402,0.299648605195402
matrix,awn,1.02356115402298,3.49104331954023,-11.8898969701149,0.0008871070229885,0.0164596237816092,-0.000981248172413792,-0.0521204476781609,-0.364919049908046
matrix,awn,4.02239371724138,-4.11178394482758,-7.8894484413793,0.0151696950689655,-0.000981248172413792,0.0566174414827586,-0.120765065034483,0.703086505724138
matrix,awn,-137.559712388506,54.2221387977011,66.1416240321841,-0.131915415195402,-0.0521204476781609,-0.120765065034483,15.980572724092,-3.03297488754023
matrix,awn,30.5823073195402,-683.229217383908,386.068806933333,0.299648605195402,-0.364919049908046,0.703086505724138,-3.03297488754023,31.0010026647816
matrix,oyn,10083.107,6879.29010000001,637.983033333321,-3.44822833333333,-15.4790923333333,20.776297,173.953648333333,-3.95312900000002
matrix,oyn,6879.29010000001,10629.6562916667,22307.3918166667,-18.7191513333333,-3.52419308333334,18.2233385,450.978068,389.462977083333
matrix,oyn,637.983033333321,22307.3918166667,89376.2172333334,-71.164348,11.7925988333334,13.7898806666666,1664.23313466667,1350.54857716667
matrix,oyn,-3.44822833333333,-18.7191513333333,-71.164348,0.0592527133333333,0.00189847999999999,-0.0152964366666667,-1.49747024666667,-0.965336639999998
matrix,oyn,-15.4790923333333,-3.52419308333334,11.7925988333334,0.00189847999999999,0.0518856291666667,-0.0234240216666667,-0.518097713333332,0.6124733575
matrix,oyn,20.776297,18.2233385,13.7898806666666,-0.0152964366666667,-0.0234240216666667,0.04625231,0.465351836666666,0.285583754999999
matrix,oyn,173.953648333333,450.978068,1664.23313466667,-1.49747024666667,-0.518097713333332,0.465351836666666,42.6292464466667,17.2691646733333
matrix,oyn,-3.95312900000002,389.462977083333,1350.54857716667,-0.965336639999998,0.6124733575,0.285583754999999,17.2691646733333,26.9215083491666
