type,phone,F1_0.33,F2_0.33,F3_0.33,B1_0.33,B2_0.33,B3_0.33,A1A2diff_0.33,A2A3diff_0.33
means,AA1,580.848405649249,1051.87766506201,1744.61716357956,2.1565811776708,2.44465281027832,2.66305985271145,8.17037414798993,13.1809335926292
means,AE1,612.218603912916,1118.17340567801,1890.08134790733,2.21999484431637,2.64886873944661,2.47139802327938,9.8701020757818,7.44948707927145
means,AH1,561.393615618661,1110.59563894523,1834.78937984727,2.10209907230641,2.59014306765302,2.57191889690968,11.3904070039375,9.67034132561747
means,AO1,527.766423322937,992.400777607443,1793.54865359201,2.05305618226992,2.38665513559232,2.73816080773907,9.78739854628112,16.2155937833695
means,AW1,570.308154587102,1104.20726066017,1821.89456243392,2.15441379067309,2.61651637495595,2.45677925525667,10.5485310231411,8.04440454598849
means,AY1,599.397359591435,1124.12273085208,1874.02742521291,2.2165366952453,2.62673130715131,2.50672817443901,9.71850084024023,8.75644458437353
means,EH1,534.669867711053,1137.30359878155,2095.50694408181,2.0716971105309,2.72043696040035,2.40846656222802,14.1731379612707,5.84009983681462
means,ER1,580.769800078401,1082.5914621717,1808.51230889847,2.11065976087809,2.62119068992552,2.41039276754214,10.3204122108977,7.8573992747942
means,EY1,453.747474815088,1174.33149636869,2257.0067324877,1.93180200140567,2.82165593226012,2.45508206432612,19.6421088456776,3.13373471669065
means,IH1,477.339236919676,1194.49398526161,2157.2542623434,1.97171009579956,2.80657032056006,2.40215571481209,19.0193074097273,2.39688057111275
means,IY1,378.198323729031,1263.29799622231,2357.18177999744,1.96537145281086,2.84021562940197,2.51244099116404,23.196554917403,1.53082478230247
means,OW1,475.369877454688,1026.65867651064,1878.05182547127,2.00019176677055,2.45733651850283,2.71745309086508,13.4432088202366,14.5695324336591
means,OY1,513.681024294156,1005.99872619829,1754.53057780696,1.98547957977676,2.42005029546947,2.6894595535128,11.2382373604728,13.9008623112278
means,UH1,422.930289219982,1172.16351738241,1998.06604732691,1.86429193689746,2.6021297692083,2.59685130002921,19.6380801635992,8.38558273444347
means,UW1,384.971791716361,1208.7604299035,2193.00466334165,1.93009296866529,2.70385455925404,2.56472660197333,21.9065637970292,5.87750949799415
matrix,AY1,12548.0559114352,4774.49889624317,-3861.29638848423,-4.67236094076974,-0.280317910530391,5.29734351219446,-209.515143435169,37.3776245828144
matrix,AY1,4774.49889624317,54855.152606353,34941.2912137164,-30.868786691112,-8.21934214360079,32.0102304767977,628.756336124742,-551.201476188867
matrix,AY1,-3861.29638848423,34941.2912137164,96489.4921812545,-16.7008602770104,-23.9934920573964,25.9596455207168,752.374476978554,442.433274942766
matrix,AY1,-4.67236094076974,-30.868786691112,-16.7008602770104,0.177925616754241,-0.0359879169124852,-0.00471562369544223,-1.69592212925021,0.803527584101681
matrix,AY1,-0.280317910530391,-8.21934214360079,-23.9934920573964,-0.0359879169124852,0.174399342698983,-0.0531759449683532,1.37057475034118,-2.1540924354863
matrix,AY1,5.29734351219446,32.0102304767977,25.9596455207168,-0.00471562369544223,-0.0531759449683532,0.172310156735648,-0.0665927946209517,1.60368322484579
matrix,AY1,-209.515143435169,628.756336124742,752.374476978554,-1.69592212925021,1.37057475034118,-0.0665927946209517,69.9600335120879,-38.8102582760063
matrix,AY1,37.3776245828144,-551.201476188867,442.433274942766,0.803527584101681,-2.1540924354863,1.60368322484579,-38.8102582760063,89.6910159244331
matrix,AH1,9986.21945348718,2138.62277389564,-6008.97118892197,-2.0747751455584,1.20201678652775,0.609740936655597,-252.416038985322,-27.6433950002708
matrix,AH1,2138.62277389564,49565.3591227878,39697.0873875797,-28.5851803684524,-12.1765480548134,30.1644294567231,577.534312563404,-410.583449889276
matrix,AH1,-6008.97118892197,39697.0873875797,117626.819235737,-16.5109766847325,-38.7107606960184,24.8004626543527,817.870053026895,635.276699591539
matrix,AH1,-2.0747751455584,-28.5851803684524,-16.5109766847325,0.177034603745522,-0.0207795855028069,-0.00916094576148633,-1.61456393619432,0.61708308028414
matrix,AH1,1.20201678652775,-12.1765480548134,-38.7107606960184,-0.0207795855028069,0.191992190864747,-0.0676171130404009,1.20211333240455,-2.33301036470918
matrix,AH1,0.609740936655597,30.1644294567231,24.8004626543527,-0.00916094576148633,-0.0676171130404009,0.195162198558566,-0.0517887689328817,1.91621511737972
matrix,AH1,-252.416038985322,577.534312563404,817.870053026895,-1.61456393619432,1.20211333240455,-0.0517887689328817,72.5647406007922,-36.0285888309225
matrix,AH1,-27.6433950002708,-410.583449889276,635.276699591539,0.61708308028414,-2.33301036470918,1.91621511737972,-36.0285888309225,93.1881020057187
matrix,UW1,3993.80470974702,387.226581669379,-667.784439621764,0.164906675054791,0.313557357051594,1.11795051676903,-117.171811958173,29.9024458761231
matrix,UW1,387.226581669379,133068.132731368,51325.5861571493,-27.2101379648274,-17.3380585217487,1.54227774573306,1133.28425180635,-2096.70154846123
matrix,UW1,-667.784439621764,51325.5861571493,71615.9387876855,-10.829217312885,-12.1424036317803,-7.97934364496079,681.257764646852,-842.577753790567
matrix,UW1,0.164906675054791,-27.2101379648274,-10.829217312885,0.15883334453554,-0.0124688245206649,0.00509865368502445,-1.71925447766037,0.762128282603518
matrix,UW1,0.313557357051594,-17.3380585217487,-12.1424036317803,-0.0124688245206649,0.170787123393416,-0.0349177106414869,1.43137849202411,-2.2588000081718
matrix,UW1,1.11795051676903,1.54227774573306,-7.97934364496079,0.00509865368502445,-0.0349177106414869,0.152804196213413,-0.255338594637853,1.97415248454754
matrix,UW1,-117.171811958173,1133.28425180635,681.257764646852,-1.71925447766037,1.43137849202411,-0.255338594637853,93.5574478878701,-62.0965899674252
matrix,UW1,29.9024458761231,-2096.70154846123,-842.577753790567,0.762128282603518,-2.2588000081718,1.97415248454754,-62.0965899674252,128.27180933756
matrix,AO1,9763.18962344058,4270.51297203494,-8075.05798036572,4.97755075403322,4.6998575179464,-2.39571595647856,-240.478672884773,-177.283420613323
matrix,AO1,4270.51297203494,30892.5134935114,24743.7328850659,-11.1487283116643,5.3294461021334,9.54458027714729,396.436712679709,-560.54504243971
matrix,AO1,-8075.05798036572,24743.7328850659,160096.802789988,-24.8925843007527,-42.1822295867888,17.6574153373215,935.657095887237,1336.86212619046
matrix,AO1,4.97755075403322,-11.1487283116643,-24.8925843007527,0.166137087470368,0.016429472810948,-0.032271739358557,-1.48124212435161,-0.355837237989161
matrix,AO1,4.6998575179464,5.3294461021334,-42.1822295867888,0.016429472810948,0.191712871855232,-0.0560853267171956,0.885647710051609,-2.45489880808131
matrix,AO1,-2.39571595647856,9.54458027714729,17.6574153373215,-0.032271739358557,-0.0560853267171956,0.171276827017491,0.270073953865099,1.85827463075444
matrix,AO1,-240.478672884773,396.436712679709,935.657095887237,-1.48124212435161,0.885647710051609,0.270073953865099,66.7094206672928,-22.0618403978046
matrix,AO1,-177.283420613323,-560.54504243971,1336.86212619046,-0.355837237989161,-2.45489880808131,1.85827463075444,-22.0618403978046,101.817656531999
matrix,OW1,7552.90121333223,4440.44711238925,-3197.96330754075,2.95948666332775,5.62922513038308,-2.86702429236208,-170.520302879668,-153.205533776889
matrix,OW1,4440.44711238925,45505.7008647516,33267.5302581955,-14.6462589418156,7.84391214195471,10.9010993115225,600.496682460597,-862.205190618323
matrix,OW1,-3197.96330754075,33267.5302581955,127956.532628067,-15.5392890632198,-34.7840444077149,12.8491177617716,770.732419049258,576.472978355975
matrix,OW1,2.95948666332775,-14.6462589418156,-15.5392890632198,0.173543380721064,0.0113588264471885,-0.0200532683540298,-1.610407092418,-0.0218650300924353
matrix,OW1,5.62922513038308,7.84391214195471,-34.7840444077149,0.0113588264471885,0.203429082076247,-0.0630047805357469,1.12993576353712,-2.86626472671975
matrix,OW1,-2.86702429236208,10.9010993115225,12.8491177617716,-0.0200532683540298,-0.0630047805357469,0.172633598465467,0.0423085124480759,1.98542066677596
matrix,OW1,-170.520302879668,600.496682460597,770.732419049258,-1.610407092418,1.12993576353712,0.0423085124480759,75.2687265393536,-36.0072912777141
matrix,OW1,-153.205533776889,-862.205190618323,576.472978355975,-0.0218650300924353,-2.86626472671975,1.98542066677596,-36.0072912777141,106.272496298511
matrix,AE1,12113.9729300506,5267.98831043962,-8760.97246301595,-5.78037968521938,0.452450407567838,5.23832092053367,-211.817053343509,15.2138632648097
matrix,AE1,5267.98831043962,64865.6470852108,38151.2561095214,-31.0243128559776,-2.87359084807763,35.7755797403868,777.367637487865,-731.260516036439
matrix,AE1,-8760.97246301595,38151.2561095214,104501.789617025,-14.4615275211935,-11.2547521132572,21.3646234894711,1034.17055357864,62.0932931696137
matrix,AE1,-5.78037968521938,-31.0243128559776,-14.4615275211935,0.186523743199733,-0.0398137258627221,-0.00481360249172976,-1.66448528871228,0.813790267072928
matrix,AE1,0.452450407567838,-2.87359084807763,-11.2547521132572,-0.0398137258627221,0.180055866659418,-0.0538941824773657,1.60936990882772,-2.46096361686578
matrix,AE1,5.23832092053367,35.7755797403868,21.3646234894711,-0.00481360249172976,-0.0538941824773657,0.177747435369381,-0.0434639657269395,1.65796762499112
matrix,AE1,-211.817053343509,777.367637487865,1034.17055357864,-1.66448528871228,1.60936990882772,-0.0434639657269395,77.5907493494189,-48.5692491973935
matrix,AE1,15.2138632648097,-731.260516036439,62.0932931696137,0.813790267072928,-2.46096361686578,1.65796762499112,-48.5692491973935,100.420423586444
matrix,EY1,5963.13829018592,19.5860888346281,-5311.40864026487,0.677240491565903,1.55010413997219,-1.75677138142602,-180.481932539915,-16.4362252869545
matrix,EY1,19.5860888346281,161232.227566276,37808.6802889313,-50.9217535899486,-19.3124235504629,2.36130002392744,1480.27453824374,-2434.95831775156
matrix,EY1,-5311.40864026487,37808.6802889313,59069.4703661253,-15.583934379731,-7.84619373459848,3.11258740367294,754.764027858444,-608.21958629666
matrix,EY1,0.677240491565903,-50.9217535899486,-15.583934379731,0.184842743171575,-0.0395385327868247,0.00623963521997969,-2.24845474922515,1.57118612048611
matrix,EY1,1.55010413997219,-19.3124235504629,-7.84619373459848,-0.0395385327868247,0.15147327057119,-0.0308066169330578,1.63306965664392,-2.06591505654524
matrix,EY1,-1.75677138142602,2.36130002392744,3.11258740367294,0.00623963521997969,-0.0308066169330578,0.151716843762577,-0.301052551340103,1.86022468104039
matrix,EY1,-180.481932539915,1480.27453824374,754.764027858444,-2.24845474922515,1.63306965664392,-0.301052551340103,110.585881864605,-78.9528139911288
matrix,EY1,-16.4362252869545,-2434.95831775156,-608.21958629666,1.57118612048611,-2.06591505654524,1.86022468104039,-78.9528139911288,138.973912938849
matrix,EH1,8851.61017441623,757.013988447977,-7394.46305229183,-0.396920018202484,2.86487476652493,-1.47966938789577,-216.479169465963,-14.0739587556734
matrix,EH1,757.013988447977,123510.281826218,44762.7830746393,-53.3045713889354,-18.6389148595542,26.7761803094847,1331.0563855026,-1696.04024497285
matrix,EH1,-7394.46305229183,44762.7830746393,71659.3532170782,-19.9043964683049,-20.9179197791926,20.412948352916,782.310680404005,-278.473590079961
matrix,EH1,-0.396920018202484,-53.3045713889354,-19.9043964683049,0.207157522194919,-0.0548432635695219,-0.00276985831372606,-2.37858900131615,1.58422661233139
matrix,EH1,2.86487476652493,-18.6389148595542,-20.9179197791926,-0.0548432635695219,0.178964112150512,-0.0326174687014351,1.7321854718844,-2.18997249853876
matrix,EH1,-1.47966938789577,26.7761803094847,20.412948352916,-0.00276985831372606,-0.0326174687014351,0.154594046291974,0.0551307289694919,1.27997164729148
matrix,EH1,-216.479169465963,1331.0563855026,782.310680404005,-2.37858900131615,1.7321854718844,0.0551307289694919,100.807044227632,-68.6984869079955
matrix,EH1,-14.0739587556734,-1696.04024497285,-278.473590079961,1.58422661233139,-2.18997249853876,1.27997164729148,-68.6984869079955,116.184396910785
matrix,IY1,4180.55630153451,714.873719794532,781.253742116237,1.27408617103471,0.598305137645445,0.47383535778125,-109.141150534321,0.0949704893101137
matrix,IY1,714.873719794532,198844.196730011,49070.8075701236,-39.3205576848653,-20.4173718840645,-13.280994734124,1539.51333453038,-2912.35599257986
matrix,IY1,781.253742116237,49070.8075701236,54872.492018301,-8.41198072510889,-2.77036799916743,-12.3363558251035,639.589949159776,-1024.52549025574
matrix,IY1,1.27408617103471,-39.3205576848653,-8.41198072510889,0.152902826920265,-0.0202406608382668,0.012906485759943,-1.91660118915032,1.12510586084035
matrix,IY1,0.598305137645445,-20.4173718840645,-2.77036799916743,-0.0202406608382668,0.128937967463094,-0.0271259262318517,1.5186480742481,-1.8660660553414
matrix,IY1,0.47383535778125,-13.280994734124,-12.3363558251035,0.012906485759943,-0.0271259262318517,0.144120334998396,-0.594029674765367,2.15794185530459
matrix,IY1,-109.141150534321,1539.51333453038,639.589949159776,-1.91660118915032,1.5186480742481,-0.594029674765367,105.786575560461,-78.7863573418803
matrix,IY1,0.0949704893101137,-2912.35599257986,-1024.52549025574,1.12510586084035,-1.8660660553414,2.15794185530459,-78.7863573418803,146.199673220812
matrix,AA1,10417.4984447098,4760.54062853822,-1942.96777357806,0.906715451944632,4.55764767123771,-0.507680324579669,-173.834257693326,-103.039852705574
matrix,AA1,4760.54062853822,33333.5263958933,33663.0015608194,-16.7229173761572,-2.97673720883043,19.3921337490471,382.250537121552,-280.538509287148
matrix,AA1,-1942.96777357806,33663.0015608194,147510.890589127,-19.9796379592113,-43.9666092077877,27.9098316059139,803.493796061689,1297.81539572383
matrix,AA1,0.906715451944632,-16.7229173761572,-19.9796379592113,0.177474366603561,0.00914059400207831,-0.0374291581315105,-1.489283864585,-0.340689830826912
matrix,AA1,4.55764767123771,-2.97673720883043,-43.9666092077877,0.00914059400207831,0.188612896458897,-0.0686115354745909,0.795270548661731,-2.39764870643136
matrix,AA1,-0.507680324579669,19.3921337490471,27.9098316059139,-0.0374291581315105,-0.0686115354745909,0.195892923400259,0.327945413780035,2.18668687831962
matrix,AA1,-173.834257693326,382.250537121552,803.493796061689,-1.489283864585,0.795270548661731,0.327945413780035,59.9786183727816,-18.2341462203756
matrix,AA1,-103.039852705574,-280.538509287148,1297.81539572383,-0.340689830826912,-2.39764870643136,2.18668687831962,-18.2341462203756,97.1055156393105
matrix,AW1,15428.2973147684,4636.90501248414,-8310.82093215744,1.6339548284365,8.43533053409898,-2.83311506883223,-379.032853375544,-185.236511734091
matrix,AW1,4636.90501248414,59014.2463971944,35782.2508125583,-32.0426546339757,-11.6491528793628,34.2142836480536,553.45004979176,-581.929286047108
matrix,AW1,-8310.82093215744,35782.2508125583,88207.4366210521,-18.4394094838616,-40.1882645465229,24.0474982279988,710.216069936332,489.051932059027
matrix,AW1,1.6339548284365,-32.0426546339757,-18.4394094838616,0.1781669585316,-0.0215675492484046,-0.0198556197385535,-1.84389185918375,0.474801173559246
matrix,AW1,8.43533053409898,-11.6491528793628,-40.1882645465229,-0.0215675492484046,0.186246515434367,-0.0484684757316944,0.961307972799034,-2.1757767900768
matrix,AW1,-2.83311506883223,34.2142836480536,24.0474982279988,-0.0198556197385535,-0.0484684757316944,0.177456935406071,0.346645974104639,1.42522681576748
matrix,AW1,-379.032853375544,553.45004979176,710.216069936332,-1.84389185918375,0.961307972799034,0.346645974104639,76.4201564619216,-30.0957846789886
matrix,AW1,-185.236511734091,-581.929286047108,489.051932059027,0.474801173559246,-2.1757767900768,1.42522681576748,-30.0957846789886,85.0888281244025
matrix,ER1,7724.25136059519,1511.91695555605,-2875.81922186727,-1.85307834699939,3.66433497990663,-0.340699032812607,-119.356066603126,-44.5839938417447
matrix,ER1,1511.91695555605,60970.6894939604,36155.231226147,-39.7567604814382,-16.0713181016559,37.9811430154782,702.469514041934,-498.18438788602
matrix,ER1,-2875.81922186727,36155.231226147,75448.2907064107,-16.5050942052506,-35.8313236867923,23.0647475052339,508.981896561685,410.358912078718
matrix,ER1,-1.85307834699939,-39.7567604814382,-16.5050942052506,0.175469537504197,-0.032509575871664,-0.0124750104969268,-1.62237822507608,0.809407292903571
matrix,ER1,3.66433497990663,-16.0713181016559,-35.8313236867923,-0.032509575871664,0.176787788995838,-0.0418598212886771,1.10820708190355,-2.00895099933041
matrix,ER1,-0.340699032812607,37.9811430154782,23.0647475052339,-0.0124750104969268,-0.0418598212886771,0.155659890194692,0.205410426724286,1.15797148633665
matrix,ER1,-119.356066603126,702.469514041934,508.981896561685,-1.62237822507608,1.10820708190355,0.205410426724286,67.1965695760144,-36.2818275471584
matrix,ER1,-44.5839938417447,-498.18438788602,410.358912078718,0.809407292903571,-2.00895099933041,1.15797148633665,-36.2818275471584,79.6678273693721
matrix,UH1,5661.60659474391,-548.123043858039,-2973.92242939417,1.01738515662843,4.78733108139348,-2.52958161244507,-162.296148343472,-58.4443714760103
matrix,UH1,-548.123043858039,90847.1251644801,53507.0676536792,-32.7189478480188,-17.2656997885509,14.5161322978807,839.921150859389,-1216.6934789486
matrix,UH1,-2973.92242939417,53507.0676536792,95344.0775227412,-16.4219765760064,-33.447739016722,1.20516393544401,760.254871337701,-224.513123256167
matrix,UH1,1.01738515662843,-32.7189478480188,-16.4219765760064,0.168209063973541,-0.0114100045553389,-0.00392993928524816,-1.69722118022428,0.695591894384416
matrix,UH1,4.78733108139348,-17.2656997885509,-33.447739016722,-0.0114100045553389,0.208437738070286,-0.0518624257122949,1.16683129386363,-2.2958902471013
matrix,UH1,-2.52958161244507,14.5161322978807,1.20516393544401,-0.00392993928524816,-0.0518624257122949,0.171552509909911,-0.13187325655369,1.69618363912385
matrix,UH1,-162.296148343472,839.921150859389,760.254871337701,-1.69722118022428,1.16683129386363,-0.13187325655369,85.0983095121692,-45.6450426674934
matrix,UH1,-58.4443714760103,-1216.6934789486,-224.513123256167,0.695591894384416,-2.2958902471013,1.69618363912385,-45.6450426674934,98.5888618283956
matrix,IH1,7309.04782488288,-831.137369382263,-5034.57349386222,1.14223678625167,1.29017003439105,-0.844717480752653,-234.861899940659,30.0811381384586
matrix,IH1,-831.137369382263,132418.7999694,43789.6049571828,-39.2317459748319,-27.166753390356,33.3885960043438,1163.0629321015,-1542.65405253858
matrix,IH1,-5034.57349386222,43789.6049571828,54008.2187923627,-11.1196458765571,-20.0144181952055,16.4080348836696,565.894143647623,-324.968287753877
matrix,IH1,1.14223678625167,-39.2317459748319,-11.1196458765571,0.194735702009424,-0.0394113569880185,0.0110354302676643,-1.9068232135252,1.18931098006719
matrix,IH1,1.29017003439105,-27.166753390356,-20.0144181952055,-0.0394113569880185,0.154961418104691,-0.0333844442271903,1.42302987696446,-1.81262664804562
matrix,IH1,-0.844717480752653,33.3885960043438,16.4080348836696,0.0110354302676643,-0.0333844442271903,0.154206788532504,-0.0225611239630881,1.1604634132613
matrix,IH1,-234.861899940659,1163.0629321015,565.894143647623,-1.9068232135252,1.42302987696446,-0.0225611239630881,95.4703265669221,-64.2087125970501
matrix,IH1,30.0811381384586,-1542.65405253858,-324.968287753877,1.18931098006719,-1.81262664804562,1.1604634132613,-64.2087125970501,107.795909254985
matrix,OY1,5111.72166176222,1194.95896102965,-4900.60073922561,-1.04028303426048,3.767218996412,1.40090884566131,-112.216908160501,-21.1339546243137
matrix,OY1,1194.95896102965,34694.5359305708,25881.3982758351,-19.7223981574344,-3.39040845231721,13.0052565299171,538.041658978633,-674.786903399551
matrix,OY1,-4900.60073922561,25881.3982758351,163427.263304397,-20.678835589376,-59.2418886749409,13.7390059412568,858.644358948175,1319.55079165714
matrix,OY1,-1.04028303426048,-19.7223981574344,-20.678835589376,0.141628858288391,0.0108797822695066,-0.014573005110306,-1.29512558087917,0.122239685379684
matrix,OY1,3.767218996412,-3.39040845231721,-59.2418886749409,0.0108797822695066,0.226269677784078,-0.0963133105793686,0.830686661733369,-2.5891846197589
matrix,OY1,1.40090884566131,13.0052565299171,13.7390059412568,-0.014573005110306,-0.0963133105793686,0.202722785787448,-0.222251053441915,2.0497351258465
matrix,OY1,-112.216908160501,538.041658978633,858.644358948175,-1.29512558087917,0.830686661733369,-0.222251053441915,67.6758391384784,-33.4911758940772
matrix,OY1,-21.1339546243137,-674.786903399551,1319.55079165714,0.122239685379684,-2.5891846197589,2.0497351258465,-33.4911758940772,111.481061315438
